15.0 35.5 167.0 167.0
66.0 76.0
67.0 70.75
70.5 69.5
76.0 73.0
92.0 67.5
99.5 64.5
115.25 61.5
131.75 66.75
149.0 73.0
83.25 86.75
79.0 95.5
69.75 107.25
61.75 120.0
68.5 127.75
71.5 130.5
73.0 132.0
80.75 132.25
94.25 130.5
69.5 92.25
67.75 83.5
73.0 82.5
79.0 90.0
71.0 93.5
68.0 94.25
104.75 89.5
108.75 80.0
121.5 78.75
132.0 85.75
118.75 91.25
109.5 91.0
67.0 155.25
65.25 151.5
66.5 149.25
71.0 152.75
76.0 151.25
87.0 155.0
103.5 162.5
68.75 156.5
71.0 157.25
77.25 158.75
90.75 161.25
68.25 157.5
70.75 158.25
76.75 159.75
86.75 161.5
66.5 160.0
67.25 163.25
71.25 166.0
78.5 166.0
90.5 165.25
