25.0 49.0 157.0 157.0
62.5 82.5
62.5 77.75
65.25 77.0
70.75 80.5
85.5 74.5
92.25 71.0
107.25 66.75
124.25 70.5
142.25 74.75
79.25 94.0
75.75 103.75
68.0 116.75
61.5 130.5
70.0 135.25
72.75 138.5
74.25 140.25
81.5 140.0
94.5 137.25
68.0 98.25
64.75 90.25
69.5 89.5
76.0 96.5
69.0 100.25
66.5 100.75
100.5 95.0
103.25 85.25
115.25 83.5
126.75 89.25
114.0 96.25
105.25 96.5
72.25 161.75
69.5 159.0
70.25 157.25
74.75 160.75
79.25 159.0
90.25 161.75
107.0 167.5
73.5 163.75
75.5 164.75
81.5 165.75
94.75 167.25
73.25 164.5
75.25 165.75
81.0 167.0
90.75 167.75
72.0 167.0
72.75 170.75
76.5 173.5
83.5 173.0
94.75 171.25
