19.5 44.5 157.5 157.5
71.0 77.25
69.75 72.25
69.75 71.0
72.5 74.25
82.5 68.25
88.0 65.25
100.5 61.5
114.75 66.25
132.0 72.0
76.5 87.0
71.25 95.5
60.75 106.5
52.25 118.5
65.5 126.25
65.25 129.0
64.75 130.25
70.75 130.75
81.75 129.0
74.25 93.0
70.5 84.5
73.25 83.5
77.25 90.5
72.0 93.75
71.25 94.75
94.25 89.5
97.0 79.75
106.0 78.5
116.25 85.25
103.75 90.75
97.0 90.75
66.0 152.75
61.75 149.0
60.25 146.75
62.5 150.25
66.0 148.75
74.75 152.75
90.0 160.75
63.75 154.0
63.75 154.5
67.75 156.0
79.0 159.0
63.5 154.75
63.5 155.5
67.25 157.0
75.5 159.0
62.75 157.25
60.75 160.25
62.5 162.75
68.0 163.0
78.25 162.75
