24.5 45.0 163.0 163.0
73.0 76.25
72.25 70.25
72.75 68.0
75.25 70.25
86.25 63.25
92.0 60.0
105.0 56.0
119.0 60.5
135.75 67.0
78.75 82.25
73.25 90.0
62.25 99.75
52.75 110.75
65.0 121.75
64.75 123.5
64.25 124.0
70.5 124.25
81.75 122.5
75.0 91.75
72.25 82.25
75.0 80.75
78.75 87.25
73.0 91.0
72.25 92.5
96.75 84.5
100.0 74.75
109.5 72.5
119.5 79.5
106.5 84.75
99.5 85.25
63.25 149.5
59.5 144.5
58.5 141.0
60.5 144.0
64.5 142.25
73.25 146.0
88.25 154.75
61.5 149.25
61.5 149.0
65.75 150.0
77.25 153.0
61.0 149.75
61.25 150.0
65.25 151.0
73.5 153.0
60.0 152.75
58.0 154.75
60.0 157.0
65.5 156.75
76.25 156.75
