25.5 47.0 158.0 158.0
67.25 80.25
66.5 74.75
68.0 73.0
71.75 75.75
84.0 68.5
90.0 65.0
103.75 60.5
119.25 64.25
136.75 69.25
77.75 88.25
73.25 96.75
63.75 108.25
56.0 120.75
67.0 129.0
68.0 131.5
68.5 132.5
75.25 132.25
87.25 129.75
71.25 95.75
67.75 87.25
71.5 85.5
76.5 92.25
70.5 96.25
69.0 97.5
97.0 89.25
100.0 79.5
110.5 77.0
121.25 83.25
108.5 89.75
100.75 90.25
68.0 156.5
64.5 152.5
64.0 149.75
67.25 152.75
71.25 151.0
81.25 154.25
97.5 161.0
67.25 157.25
68.25 157.5
73.25 158.5
85.75 160.5
67.0 158.0
68.0 158.5
72.75 159.5
81.75 160.75
66.0 160.75
65.25 163.5
68.0 165.75
74.25 165.5
85.25 164.25
