17.5 40.0 163.5 163.5
65.0 84.25
62.75 80.75
63.0 81.25
66.25 85.5
75.75 81.0
80.75 78.25
93.0 74.0
108.25 78.0
126.5 81.5
72.75 99.5
69.5 109.25
61.25 122.75
55.5 136.25
69.25 137.5
69.5 142.0
69.5 144.5
75.5 144.5
86.0 142.5
71.0 99.25
66.0 92.75
68.5 92.5
74.0 100.0
69.0 102.75
68.5 102.5
91.25 100.5
92.25 91.5
101.5 90.5
112.75 96.0
101.25 103.0
94.25 102.75
74.25 161.5
69.75 160.0
68.0 159.5
70.75 163.75
74.0 162.5
83.5 165.5
99.25 171.0
72.5 165.0
73.0 166.5
77.25 168.5
88.5 170.5
72.5 165.5
72.75 167.75
76.75 169.5
85.0 170.75
72.25 167.75
71.0 172.0
73.25 175.25
78.5 175.5
88.5 174.25
