23.0 34.5 155.5 155.5
75.5 75.5
74.75 69.25
75.0 66.25
77.0 68.25
87.5 60.75
93.0 57.5
105.75 53.5
119.25 57.75
135.5 64.5
79.5 79.5
73.5 86.75
62.0 95.75
52.25 106.25
64.5 118.75
63.75 119.75
63.0 120.0
69.0 120.25
80.25 118.5
76.75 90.75
74.0 81.0
76.75 79.25
80.0 85.5
74.25 89.5
73.75 91.25
96.75 81.75
100.5 72.25
109.5 69.75
119.0 76.75
106.0 81.75
99.5 82.25
61.75 146.5
57.75 141.0
56.75 137.0
58.5 139.5
62.0 137.75
70.5 141.75
85.0 150.75
59.5 145.5
59.25 145.0
63.25 145.75
74.25 149.0
59.0 146.25
58.75 145.75
62.5 146.75
70.5 148.75
58.0 149.25
55.5 150.75
57.0 152.5
62.5 152.5
73.0 152.75
