15.0 46.5 167.0 167.0
63.5 84.5
62.5 79.5
64.25 78.5
69.0 81.5
81.5 74.5
87.75 71.0
101.5 65.75
118.0 68.75
136.0 72.5
76.75 94.25
73.25 103.75
65.0 116.5
58.75 130.0
69.5 135.5
71.25 138.5
72.0 140.0
79.0 139.5
91.0 136.25
69.0 99.75
65.0 92.0
69.0 90.75
75.0 97.5
68.75 101.25
67.0 102.25
96.75 94.5
99.0 84.5
109.75 82.0
121.25 87.5
109.0 94.75
101.0 95.5
72.5 162.0
69.25 159.0
69.0 157.0
72.75 160.25
77.0 158.25
87.5 161.0
104.25 166.5
72.75 163.75
74.0 164.25
79.5 165.25
92.25 166.5
72.5 164.5
74.0 165.5
79.25 166.5
88.5 167.0
71.75 167.0
71.5 170.5
74.75 173.0
81.25 172.25
92.25 170.5
