24.0 43.0 154.5 154.5
65.75 74.75
64.75 70.5
67.25 71.5
71.5 74.5
85.5 70.0
91.5 69.0
108.75 66.0
128.5 71.25
145.0 76.75
77.0 84.5
72.75 93.5
64.5 106.75
56.0 121.25
68.75 126.75
68.75 131.5
69.5 133.25
77.0 133.5
90.25 131.5
72.0 89.0
68.5 81.75
74.0 81.5
81.25 88.5
73.5 92.0
70.5 91.75
102.25 90.75
106.0 82.25
117.75 82.0
129.75 89.25
115.5 94.75
107.0 93.75
66.0 151.75
64.75 149.0
65.5 147.75
69.0 151.75
72.75 150.5
81.25 154.25
94.75 163.0
68.5 154.0
70.5 155.5
75.25 157.25
85.5 160.5
68.25 154.75
70.25 156.5
75.0 158.5
82.25 160.5
66.75 157.0
67.25 160.75
70.5 164.25
76.5 164.75
85.25 164.75
