17.5 47.0 154.0 154.0
64.25 79.25
61.75 76.0
62.75 78.25
66.5 81.5
77.25 77.75
82.5 76.75
98.0 73.25
117.25 77.25
134.5 81.25
71.75 91.75
68.0 101.25
60.75 115.5
53.5 130.5
69.5 132.25
68.75 137.75
68.5 140.25
75.5 140.5
87.25 138.0
72.0 92.5
67.0 86.5
71.25 86.5
78.5 93.25
72.25 96.75
70.0 96.0
96.25 96.25
98.25 88.25
108.5 88.25
121.25 94.5
108.0 100.75
100.5 99.5
69.75 155.75
67.5 154.0
67.0 153.75
70.0 158.0
72.75 157.0
80.75 160.5
94.25 168.25
71.25 158.75
72.25 160.75
76.5 162.75
85.75 165.75
71.0 159.5
72.25 161.75
76.25 163.75
83.0 165.75
70.0 161.5
70.0 165.75
72.75 169.5
78.0 170.25
86.0 170.0
