19.5 40.5 167.0 167.0
62.5 92.0
59.25 88.0
58.25 88.75
61.0 92.5
69.25 88.75
75.75 86.5
88.5 82.25
109.0 86.0
122.75 88.25
65.75 102.5
63.0 112.5
56.0 128.0
52.5 142.25
73.5 142.25
72.25 146.25
71.5 149.0
78.75 147.75
90.75 144.25
71.75 104.25
66.25 98.5
69.25 97.5
75.0 102.5
71.5 108.0
70.25 107.75
91.0 104.25
91.75 97.5
100.5 98.25
111.25 102.75
101.75 109.75
94.75 108.75
81.5 165.25
77.0 163.75
74.25 164.25
76.75 167.75
79.0 166.25
88.75 169.0
104.0 173.75
81.0 168.5
81.0 170.5
84.5 171.75
94.5 173.5
81.0 169.25
81.25 171.5
84.5 173.0
91.75 174.0
81.25 171.5
80.75 176.5
83.0 179.25
87.25 179.0
95.25 177.75
