24.5 38.5 162.5 162.5
75.25 69.75
75.75 63.0
77.0 60.5
79.5 63.0
92.5 59.5
100.5 59.0
115.5 58.75
133.25 69.25
144.5 77.0
81.25 72.0
74.75 79.0
62.25 88.75
53.0 99.75
67.0 115.75
66.5 116.25
66.0 116.75
74.25 118.0
88.25 118.75
78.0 84.75
77.0 75.75
81.5 74.5
85.75 80.5
78.75 85.25
76.25 86.25
104.5 83.5
109.0 76.75
119.0 78.5
126.75 87.0
114.5 90.0
107.25 87.75
62.5 143.0
60.25 137.75
59.75 134.75
61.75 138.0
65.25 136.5
74.5 142.25
87.5 153.25
62.75 143.5
63.5 143.5
67.25 145.0
77.5 150.0
62.5 144.25
63.0 144.75
66.75 146.25
74.25 149.5
61.0 147.5
59.75 150.0
61.75 152.75
67.0 153.0
76.25 154.25
