16.5 43.5 164.0 164.0
69.5 78.75
69.0 71.5
70.0 68.0
72.75 69.5
85.25 62.75
92.75 60.5
107.5 57.75
126.75 64.5
138.75 70.5
76.0 77.25
70.5 84.75
59.75 95.5
52.25 107.25
68.0 123.25
67.75 122.75
67.25 122.75
75.75 122.75
89.75 121.0
74.25 93.0
72.0 84.0
76.5 81.5
81.5 86.5
75.0 92.75
72.75 94.25
100.5 84.5
104.0 77.0
114.0 76.25
123.0 83.25
111.5 88.5
104.0 88.0
67.5 151.5
64.75 145.75
63.75 142.0
66.25 144.5
69.5 142.25
79.5 146.25
94.25 155.0
68.0 151.0
68.75 150.5
72.75 151.0
83.75 153.75
67.75 152.0
68.5 151.5
72.5 152.25
80.25 153.75
66.75 155.5
66.0 157.75
68.5 159.5
73.75 158.5
83.25 158.25
