23.0 41.0 162.5 162.5
64.75 82.5
64.0 76.0
66.0 74.0
70.0 76.25
83.75 70.5
92.0 68.25
107.5 65.0
128.25 71.25
140.75 76.25
75.0 85.25
71.0 94.25
61.75 107.25
56.0 120.75
70.75 131.0
71.75 132.5
72.25 133.5
80.75 132.75
95.25 130.25
71.25 96.5
68.5 88.25
73.5 86.25
79.5 91.5
73.25 97.75
70.25 98.75
101.25 91.0
104.5 83.5
115.75 83.25
125.25 89.75
114.0 95.75
105.5 95.0
73.0 158.5
70.25 154.25
70.0 152.0
73.5 155.0
77.0 153.0
87.75 156.25
103.25 163.5
74.5 159.5
76.0 159.75
80.75 160.5
92.25 163.0
74.25 160.25
75.75 161.0
80.5 161.75
89.0 163.0
73.25 163.75
73.75 167.0
77.0 169.25
82.75 168.5
92.5 167.5
