21.5 39.5 167.5 167.5
61.0 87.25
57.5 83.5
57.5 84.25
61.75 88.0
72.25 84.5
77.75 82.25
93.0 78.0
113.0 81.75
132.5 83.25
71.25 99.75
68.5 109.0
61.0 120.75
55.25 134.5
71.75 136.25
70.75 140.75
70.75 143.5
79.0 142.25
93.25 139.25
71.5 99.25
65.75 94.25
69.75 93.75
77.0 100.5
71.75 104.75
69.75 104.0
94.0 102.75
95.5 94.25
107.5 93.25
121.75 97.25
107.75 106.25
99.0 106.0
75.5 162.25
71.75 160.25
70.25 160.25
74.25 164.0
78.75 162.75
89.25 164.75
105.0 170.0
75.25 164.75
76.0 166.25
81.5 167.75
94.25 169.5
75.25 165.5
76.0 167.0
81.25 168.5
90.75 169.75
74.75 167.5
74.25 170.75
77.75 173.5
84.0 174.0
94.5 173.25
