17.0 47.5 153.0 153.0
60.5 84.75
57.5 81.75
58.25 83.75
62.75 88.25
74.75 87.0
80.75 85.5
97.0 82.75
117.25 87.75
136.75 89.75
72.75 101.25
69.75 110.5
62.5 122.5
56.5 136.5
71.5 135.5
71.0 141.25
71.5 144.75
80.0 144.0
94.5 142.0
70.75 96.75
65.5 92.5
70.0 92.75
77.5 100.25
71.75 103.5
69.25 102.0
96.0 105.25
98.0 97.5
111.0 98.0
125.25 102.25
110.5 110.75
101.25 109.25
74.5 161.0
71.25 159.75
70.25 160.25
74.75 165.0
79.5 164.25
90.25 167.0
105.5 172.5
75.0 164.5
76.0 166.5
82.0 168.75
95.0 171.25
74.75 165.0
76.0 167.5
81.75 169.75
91.25 171.5
74.25 166.75
74.0 170.75
78.0 174.25
84.25 175.25
95.0 175.0
