13.5 44.5 162.5 162.5
58.75 84.75
57.5 80.5
60.5 81.0
67.0 84.5
83.0 81.0
90.5 78.75
108.75 75.0
129.5 79.75
148.0 82.0
78.25 97.0
75.5 106.25
68.5 118.25
62.75 132.5
72.5 135.5
74.5 139.75
76.5 142.25
86.25 141.0
102.25 137.75
68.5 97.75
65.0 92.0
71.25 91.5
79.5 98.5
72.0 103.0
68.25 102.25
102.75 100.75
106.25 92.0
121.5 91.0
135.0 95.75
120.25 104.5
109.5 104.0
74.5 162.75
72.5 160.5
73.5 160.0
79.5 163.75
85.5 162.25
97.5 164.25
113.75 169.25
77.0 165.0
79.75 166.25
87.25 167.5
101.75 169.0
76.75 165.75
79.5 167.0
87.0 168.5
97.75 169.25
75.5 168.0
76.75 171.25
82.5 173.75
90.25 173.75
102.0 172.75
