17.5 49.5 164.5 164.5
68.5 72.25
69.25 65.0
73.0 61.0
78.75 62.5
96.0 56.25
104.0 53.75
122.25 51.75
140.5 59.5
157.0 67.5
86.75 73.5
82.0 80.25
72.5 87.0
63.25 96.75
69.25 115.5
71.25 114.5
73.25 113.75
83.5 113.75
100.5 113.0
74.0 87.75
72.75 78.0
79.5 76.0
86.0 82.75
77.25 87.75
73.0 89.25
109.25 81.75
115.0 72.25
130.25 70.75
142.0 79.0
126.0 84.0
115.5 83.5
62.75 145.0
62.5 138.5
64.25 134.0
70.0 136.25
77.0 134.0
89.0 137.75
104.5 146.5
65.75 143.0
69.0 141.5
77.0 141.75
92.0 145.0
65.5 143.75
68.75 142.25
76.5 142.5
87.5 144.75
63.0 147.25
64.5 147.0
70.0 148.25
78.75 147.75
91.25 148.75
