19.0 38.5 157.0 157.0
72.0 71.5
70.25 65.75
70.0 64.5
73.0 67.5
84.25 64.5
90.25 63.0
106.0 61.75
123.75 70.25
141.75 77.5
78.5 80.25
73.0 87.75
62.25 96.0
52.25 106.75
67.25 118.25
64.75 120.25
64.25 121.5
72.75 122.0
87.25 122.5
78.25 86.25
74.5 78.25
78.5 77.75
83.25 85.5
77.0 89.25
75.25 89.0
99.25 89.0
103.25 80.25
115.25 80.75
127.5 88.75
111.5 94.0
103.0 92.25
62.25 145.5
59.5 141.25
58.25 139.0
61.0 142.75
65.75 142.0
75.5 146.5
89.0 156.0
61.5 146.0
62.0 146.25
67.0 148.25
79.0 153.0
61.0 146.75
61.5 147.25
66.25 149.25
75.25 152.5
60.0 149.25
58.5 151.0
61.25 153.75
67.25 154.75
77.75 156.75
