15.0 33.5 163.0 163.0
62.25 87.0
57.75 84.75
56.25 87.75
59.25 92.75
66.75 92.75
71.25 91.75
84.75 89.0
103.75 93.5
123.75 94.5
68.0 105.5
65.75 114.5
58.75 126.5
53.5 140.25
72.75 137.0
70.25 143.5
69.5 147.25
76.75 146.75
89.5 145.0
73.5 98.0
66.5 94.75
69.25 95.75
76.0 103.0
72.25 105.75
71.25 103.75
89.75 109.0
89.75 102.0
100.25 103.0
114.5 106.75
101.5 115.25
93.75 113.5
78.0 160.5
73.5 160.0
70.75 161.25
73.75 166.25
77.25 166.0
86.75 169.0
101.25 174.25
76.5 164.75
76.25 167.25
80.5 170.0
92.0 172.75
76.25 165.25
76.25 168.0
80.25 170.75
88.5 172.75
76.5 166.75
75.0 171.0
77.75 174.75
82.75 176.25
92.0 176.5
