17.0 35.0 157.5 157.5
60.0 92.0
56.0 89.0
55.25 90.75
59.0 94.25
68.0 91.25
73.0 89.25
87.0 84.25
106.75 86.75
126.5 86.75
69.0 105.75
67.0 115.0
60.75 127.5
56.0 141.5
73.75 140.25
72.5 145.5
72.25 148.75
80.0 147.0
93.25 143.5
71.5 102.75
65.0 98.75
68.25 98.5
75.75 105.0
71.5 109.0
70.0 108.0
91.5 107.25
91.75 99.25
103.0 98.0
117.5 100.75
104.5 110.75
96.0 110.5
80.0 165.0
75.75 164.0
73.75 164.5
77.5 168.25
81.5 167.25
91.75 168.75
107.0 173.0
79.25 168.25
79.75 170.0
84.75 171.5
97.0 172.75
79.25 169.0
79.75 170.75
84.5 172.5
93.5 173.25
79.25 170.75
78.5 174.5
81.75 177.25
87.5 177.75
97.5 176.5
