21.0 45.0 162.0 162.0
69.25 73.5
69.25 66.0
72.0 62.25
77.0 63.5
92.5 56.75
99.75 54.25
117.5 51.5
135.5 59.0
152.5 66.5
84.25 74.0
79.0 80.75
69.25 87.5
59.75 97.25
68.25 115.75
69.0 114.75
70.25 114.0
80.0 114.0
96.5 113.0
75.0 88.75
73.25 79.0
79.0 76.75
85.0 83.5
77.0 88.5
73.25 90.0
106.25 81.75
111.5 72.25
126.0 70.5
138.0 78.5
121.75 83.5
111.75 83.5
62.0 145.0
61.0 138.75
62.0 134.0
66.75 136.0
73.25 134.0
84.75 137.5
100.0 146.25
64.0 143.0
66.25 141.25
73.5 141.5
87.75 144.75
63.5 143.75
66.0 142.25
73.0 142.25
83.5 144.5
61.5 147.0
62.0 146.75
66.75 148.0
74.75 147.5
87.0 148.25
