14.0 39.5 161.5 161.5
71.5 77.0
70.75 69.0
71.75 63.5
75.0 64.75
88.0 57.5
95.25 54.5
110.0 53.75
126.0 63.0
140.75 70.5
77.5 74.25
71.0 81.25
57.75 92.5
48.25 104.75
66.5 119.75
64.0 120.5
63.0 120.0
71.25 120.5
85.75 118.5
75.75 91.25
72.75 82.0
77.25 79.25
82.75 84.75
75.5 91.0
73.5 92.75
101.25 83.5
105.5 75.25
115.75 75.0
125.75 82.5
112.75 87.5
105.0 86.5
63.75 148.25
61.25 143.0
60.0 138.75
62.25 141.5
65.75 139.5
75.0 144.0
89.25 153.5
63.75 147.25
64.25 146.5
68.25 147.25
78.75 151.0
63.5 148.0
64.0 147.25
67.75 148.25
75.5 150.5
62.0 151.0
61.0 152.25
63.5 154.0
68.5 154.0
78.0 154.75
