17.5 34.5 160.0 160.0
76.5 69.5
76.75 61.75
78.25 57.0
81.25 59.25
95.0 54.75
102.5 52.75
117.25 54.5
132.0 66.5
145.75 75.75
82.5 69.75
75.0 76.25
60.5 86.25
49.25 97.5
66.0 113.0
63.25 114.25
62.25 114.25
70.5 115.75
85.0 116.0
79.0 84.25
77.0 75.0
81.75 73.25
86.5 79.75
78.75 84.75
76.5 85.75
105.0 82.5
110.25 75.0
120.5 76.75
129.5 85.5
115.75 88.75
108.25 86.25
60.0 140.5
58.0 135.5
57.25 131.75
59.0 135.25
62.75 134.0
71.25 139.75
84.25 151.0
60.0 140.25
60.5 140.0
64.25 141.5
74.25 147.0
59.5 141.0
60.0 140.75
63.75 142.5
71.0 146.0
57.75 143.5
56.5 145.25
58.75 147.5
63.75 148.5
72.75 150.75
