13.5 45.0 157.0 157.0
69.0 81.5
66.0 75.25
64.5 72.5
66.5 76.0
75.0 72.0
80.5 69.5
93.5 69.0
110.0 78.5
125.75 84.0
68.75 88.0
63.25 97.0
51.75 111.75
44.25 126.0
67.75 130.0
63.75 134.25
61.5 136.25
68.75 136.5
81.25 134.25
76.0 94.25
70.5 87.5
73.0 86.25
78.5 92.25
73.75 97.5
73.25 97.5
92.5 95.75
94.25 88.5
102.5 90.25
113.5 96.75
101.75 102.5
95.25 100.25
70.5 155.25
66.25 152.75
63.0 151.5
64.5 155.75
66.75 154.75
75.25 158.75
89.25 167.0
68.75 157.25
68.0 158.5
70.75 160.25
80.0 164.5
68.5 158.0
67.75 159.5
70.5 161.25
77.0 164.0
68.0 160.0
66.25 163.75
67.75 166.5
71.5 167.25
79.5 168.25
