22.0 37.0 163.0 163.0
70.0 72.0
71.0 65.75
74.0 61.5
79.0 65.0
92.5 62.5
98.75 59.5
113.5 59.5
129.5 67.25
145.0 74.5
84.25 80.0
77.75 88.75
66.0 99.75
57.0 112.25
67.25 122.0
68.5 125.0
69.25 126.0
76.5 127.0
89.0 125.25
72.0 89.75
70.0 81.25
74.5 79.75
80.25 87.0
72.5 91.0
70.0 91.75
102.25 88.0
106.75 79.5
118.0 80.5
129.0 87.25
115.25 92.0
106.75 90.75
66.25 149.75
63.75 145.5
63.75 142.75
67.0 146.5
71.5 145.25
82.0 150.0
98.25 159.5
66.0 150.25
67.25 150.5
72.5 152.25
85.5 156.75
65.75 151.0
67.0 151.5
72.0 153.25
81.25 156.25
64.25 153.5
63.5 155.75
66.5 158.5
72.75 159.25
84.5 160.5
