25.0 49.5 155.0 155.0
72.75 77.0
71.5 71.0
71.25 66.5
73.75 69.0
82.0 64.75
86.25 61.5
97.75 59.5
111.75 65.25
127.5 71.25
77.25 82.75
70.75 91.25
58.75 102.25
50.25 114.5
66.25 124.25
65.0 126.75
63.75 127.25
69.5 127.75
79.5 125.25
75.5 94.0
71.25 86.0
73.75 83.75
78.0 90.0
72.75 94.75
72.5 95.75
92.25 88.75
94.5 79.75
102.5 79.75
113.5 85.25
101.0 91.25
94.75 90.75
68.75 151.25
64.0 147.0
61.25 144.0
62.5 147.0
65.5 145.75
74.25 149.75
89.5 158.5
65.25 151.5
64.5 151.25
67.5 152.5
78.5 156.25
65.0 152.0
64.0 152.25
67.0 153.5
74.75 156.0
64.5 154.75
61.5 156.5
62.75 158.75
67.25 159.25
77.5 160.0
