24.0 38.0 156.0 156.0
69.5 82.5
67.5 76.75
66.5 72.5
69.25 75.0
76.75 70.25
80.5 66.5
91.5 63.5
106.0 68.0
122.25 72.25
74.0 88.25
68.25 97.5
57.75 110.0
50.5 123.0
67.75 130.5
66.5 133.25
65.5 134.0
71.0 134.0
80.5 130.75
74.25 99.0
69.0 91.5
71.0 89.5
75.75 95.25
71.25 100.25
71.0 101.25
89.5 93.0
90.75 84.0
98.25 83.25
109.75 87.75
98.25 94.75
92.0 94.75
73.25 156.75
68.0 153.25
64.75 150.75
66.25 153.75
69.0 152.25
78.0 155.5
94.0 162.75
69.75 157.5
68.75 157.5
72.0 158.75
83.0 161.5
69.5 158.25
68.5 158.5
71.5 159.75
79.25 161.5
69.25 160.75
66.5 163.0
68.0 165.25
72.25 165.25
82.25 165.25
