25.0 32.0 157.5 157.5
70.5 71.0
71.75 65.0
74.75 60.75
80.0 64.25
93.75 61.75
100.25 59.0
115.0 59.0
131.0 67.0
146.25 74.5
85.25 79.25
78.5 87.75
66.75 98.5
57.5 111.0
67.25 121.0
68.75 124.0
69.5 125.0
76.75 126.0
89.5 124.5
72.25 88.75
70.25 80.5
75.0 79.0
81.0 86.25
72.75 90.25
70.25 91.0
103.25 87.5
107.75 79.0
119.25 80.25
130.25 87.0
116.25 91.75
107.75 90.25
65.75 149.0
63.25 144.75
63.75 142.0
67.0 145.5
71.5 144.25
82.0 149.25
98.25 159.0
65.75 149.5
67.25 149.75
72.5 151.5
85.5 156.0
65.25 150.25
66.75 150.5
71.75 152.5
81.25 155.5
63.75 152.75
63.0 155.0
66.25 157.75
72.5 158.5
84.5 159.75
