16.0 42.5 161.5 161.5
68.5 73.75
69.0 68.0
71.5 64.0
76.5 68.0
89.5 65.5
95.75 62.5
110.25 62.25
126.5 69.5
142.25 76.25
82.25 83.0
76.25 92.25
64.75 104.0
56.5 117.25
67.5 125.0
68.75 128.5
69.5 129.75
76.5 130.75
88.75 128.75
71.25 91.5
68.75 83.75
73.0 82.25
79.0 89.25
71.5 93.5
69.25 94.0
100.5 90.75
104.5 82.25
115.5 83.5
126.75 89.75
113.25 95.0
105.0 93.5
68.0 152.25
65.0 148.75
64.75 146.5
68.0 150.25
72.25 149.0
82.75 153.75
99.25 162.25
67.5 153.5
68.75 154.0
73.75 155.75
86.75 160.0
67.25 154.0
68.5 155.0
73.25 156.75
82.5 159.5
66.0 156.5
65.25 159.25
68.25 162.0
74.25 162.75
86.0 163.75
