25.0 47.5 159.5 159.5
70.25 72.0
71.0 66.0
73.75 61.75
78.75 65.25
91.75 62.5
98.0 59.75
112.5 59.5
128.5 67.25
144.0 74.5
83.75 80.25
77.25 88.75
65.25 99.75
56.5 112.25
67.0 122.0
68.25 125.0
68.75 126.0
75.75 127.0
88.25 125.25
72.25 89.75
70.0 81.5
74.5 79.75
80.25 87.0
72.5 91.0
70.25 91.75
101.5 88.0
106.0 79.5
117.0 80.75
128.0 87.25
114.25 92.25
106.0 90.75
66.25 149.75
63.5 145.5
63.5 142.75
66.5 146.5
70.75 145.25
81.25 150.0
97.5 159.5
65.75 150.25
67.0 150.5
72.0 152.25
84.75 156.75
65.5 151.0
66.5 151.5
71.25 153.25
80.75 156.25
64.0 153.5
63.0 155.75
66.0 158.5
72.0 159.25
83.75 160.5
