26.0 38.5 162.5 162.5
70.25 72.0
72.5 64.75
77.0 58.75
83.25 60.75
98.75 55.75
106.0 52.25
121.5 51.25
137.75 58.0
152.25 65.75
89.25 73.5
83.0 80.75
71.75 89.75
62.75 101.0
68.75 116.5
71.75 117.5
73.5 117.0
81.25 117.5
95.25 114.75
71.25 89.5
70.75 80.0
76.25 77.0
82.75 83.25
73.5 88.25
70.0 90.5
108.0 80.5
113.5 71.5
125.75 71.0
136.5 77.75
122.75 82.25
113.5 81.75
65.5 147.0
64.25 140.75
66.0 135.5
70.25 138.0
75.5 136.0
87.25 140.25
104.0 150.25
67.0 145.0
69.75 143.5
76.0 144.0
90.25 148.0
66.75 145.75
69.25 144.5
75.5 145.0
85.75 147.5
64.5 149.0
65.0 149.25
69.25 151.0
76.5 150.75
89.25 151.5
