17.5 34.5 163.5 163.5
68.5 81.5
65.5 78.25
64.25 79.25
66.0 84.5
74.25 81.25
80.0 77.5
93.0 72.75
110.75 77.5
125.75 82.25
68.75 99.75
65.75 108.25
59.25 123.5
54.25 139.25
71.75 139.5
69.5 145.5
68.75 147.75
75.75 147.75
86.75 143.25
74.5 96.75
67.5 90.25
69.5 91.25
74.5 100.25
70.25 103.5
70.75 102.0
89.25 103.25
91.25 93.25
102.25 91.5
114.25 97.75
101.75 107.25
93.25 106.5
76.0 162.0
70.5 160.5
68.5 161.0
71.0 164.75
73.75 163.75
84.0 166.0
99.75 170.25
73.25 164.75
73.5 166.5
77.5 168.25
88.75 170.0
73.25 165.5
73.5 167.5
77.25 169.0
85.25 170.25
73.25 167.5
72.25 171.0
74.5 173.25
79.5 174.0
88.5 173.5
