21.5 39.0 165.0 165.0
66.75 79.75
66.5 74.25
68.75 73.0
72.75 76.25
87.5 69.25
95.25 64.75
111.0 59.5
130.0 64.25
143.75 70.0
78.0 89.25
74.75 97.5
68.25 112.0
62.5 127.75
73.25 135.0
73.75 138.75
75.25 139.5
83.5 139.25
96.75 133.75
71.25 96.25
67.0 87.25
72.0 86.5
78.0 94.75
70.75 99.75
68.75 100.0
100.5 93.0
104.75 82.0
119.25 78.5
130.5 85.75
117.25 94.5
106.5 95.0
74.25 161.25
71.0 157.5
72.0 155.75
76.0 158.5
80.25 156.5
92.5 158.0
109.0 163.0
74.75 161.5
77.25 161.75
83.25 162.25
96.25 163.5
74.75 162.25
77.25 162.75
83.0 163.0
92.5 164.0
73.75 165.25
75.0 167.25
79.0 168.25
85.75 168.25
96.25 167.25
