18.5 41.0 159.0 159.0
65.75 82.25
63.75 79.25
63.75 80.75
67.0 86.25
78.0 83.5
84.5 79.75
98.75 75.25
117.75 80.0
132.75 84.25
71.5 102.25
68.75 111.0
63.0 127.0
58.5 143.0
73.5 141.75
72.5 148.25
72.75 150.75
80.25 150.75
92.0 145.75
72.0 97.5
65.75 91.25
69.0 92.75
75.0 101.75
69.5 105.0
69.0 103.0
93.25 105.5
95.75 95.5
108.5 94.0
120.5 100.0
108.0 109.5
98.5 108.75
77.25 164.0
72.75 163.0
72.0 164.0
75.25 168.0
78.5 166.75
89.5 168.75
105.5 172.25
76.25 167.5
77.25 169.5
82.0 171.0
94.0 172.5
76.0 168.0
77.25 170.25
82.0 171.75
90.5 173.0
75.75 170.0
76.0 173.75
79.0 176.0
84.5 176.75
94.0 176.0
