22.5 44.0 157.5 157.5
80.75 72.0
79.75 65.25
79.25 62.0
80.0 64.0
90.25 56.5
97.0 52.75
111.0 49.25
126.5 55.75
139.0 63.75
78.5 73.75
73.0 80.0
61.75 90.75
51.75 102.5
66.25 117.75
62.75 119.0
62.0 118.25
69.0 119.0
82.0 116.5
81.25 88.0
77.5 77.25
79.75 75.5
82.0 83.0
76.25 87.75
76.5 89.5
97.0 80.75
102.5 70.5
114.0 67.75
123.5 76.75
108.75 82.5
100.5 82.5
61.5 144.0
57.5 137.5
56.25 133.75
57.75 136.0
61.25 134.5
71.25 138.25
85.75 147.25
59.0 141.5
59.25 140.75
63.25 141.25
74.0 145.0
58.5 142.25
58.75 141.5
62.75 142.0
70.5 144.5
57.5 145.5
56.25 145.5
58.0 146.5
63.25 147.0
72.75 148.25
