15.0 43.0 165.5 165.5
77.25 68.75
77.0 63.25
77.75 62.0
79.75 65.75
93.0 61.5
100.75 58.5
116.0 56.5
133.0 64.5
145.75 73.25
80.25 78.75
75.25 86.0
64.75 98.25
55.5 111.75
67.75 122.0
65.75 125.5
66.0 126.25
73.75 127.5
87.25 125.25
78.25 85.5
75.0 75.75
78.5 75.75
81.75 84.75
74.75 88.0
74.0 88.25
100.5 87.0
106.5 77.25
120.0 76.5
129.5 85.75
114.75 91.75
105.0 90.0
63.5 147.75
60.25 143.0
60.0 141.0
62.5 144.5
66.5 143.5
77.5 147.75
92.25 156.25
62.5 147.5
63.75 148.0
68.5 149.75
80.25 154.0
62.0 148.25
63.25 149.0
68.0 150.5
76.5 153.5
60.75 151.0
60.5 152.75
63.25 154.75
69.25 156.0
79.25 157.5
