18.0 40.0 159.0 159.0
75.25 74.0
74.75 67.5
75.25 64.75
77.25 67.0
89.75 59.75
97.0 55.75
111.75 51.75
128.75 57.75
142.0 65.25
78.25 78.0
73.5 85.0
63.75 96.75
55.0 110.0
68.0 123.25
66.0 125.25
66.25 125.0
74.0 125.5
87.5 121.75
77.0 90.25
73.25 79.75
76.75 78.5
80.25 86.25
73.75 91.0
73.0 92.25
98.5 84.25
103.75 73.5
116.75 70.75
127.0 79.25
112.75 86.0
103.25 86.0
65.0 150.0
61.5 144.25
61.0 141.0
63.75 143.5
67.75 141.75
78.75 144.75
94.25 152.75
63.75 148.25
65.0 147.75
69.75 148.25
82.0 151.25
63.5 149.0
64.75 148.5
69.5 149.25
78.25 151.25
62.5 152.25
62.0 153.0
65.0 154.0
71.0 154.25
81.0 154.75
