24.0 43.0 164.5 164.5
76.75 69.75
76.5 64.0
77.5 62.25
79.75 65.5
93.25 60.5
101.0 57.5
116.5 55.0
133.5 62.75
146.25 71.25
80.5 78.25
75.5 85.25
65.25 97.5
56.25 111.0
68.0 122.0
66.25 125.0
66.75 125.5
74.5 126.75
88.25 124.25
77.75 86.5
74.5 76.25
78.25 76.0
81.75 84.75
74.5 88.5
73.75 89.0
101.0 86.0
106.75 76.0
120.5 74.75
130.25 84.0
115.5 90.0
105.75 88.75
64.0 148.0
60.75 143.0
60.75 140.75
63.5 144.0
67.5 142.75
78.5 146.75
93.75 155.5
63.0 147.75
64.5 147.75
69.5 149.25
81.5 153.25
62.75 148.25
64.0 148.75
69.0 150.0
77.75 152.75
61.5 151.25
61.25 152.75
64.25 154.5
70.25 155.5
80.5 156.75
