24.5 45.5 160.0 160.0
73.0 76.5
71.75 70.5
72.25 68.0
74.5 70.5
86.25 62.75
93.25 58.5
108.0 54.0
125.25 59.25
139.0 66.0
76.0 81.75
71.75 89.25
62.75 101.75
54.75 115.75
68.75 127.25
67.0 129.75
67.0 129.75
74.75 129.75
88.0 125.5
75.75 92.75
71.25 82.75
74.5 81.5
78.75 89.25
72.5 94.25
71.75 95.25
96.75 87.0
101.25 76.0
114.0 72.75
124.75 80.75
110.75 88.25
101.5 88.75
67.5 153.75
63.5 148.5
63.0 145.75
65.75 148.25
69.5 146.5
80.75 149.0
96.5 156.0
66.25 152.75
67.25 152.25
72.0 152.75
84.25 155.25
66.0 153.5
67.0 153.25
71.75 153.75
80.5 155.25
65.0 156.5
64.75 157.5
67.5 158.5
73.5 158.75
83.75 158.75
