26.0 46.5 160.5 160.5
75.75 68.25
76.0 63.0
77.25 62.5
79.25 65.25
90.5 63.25
97.0 63.75
110.25 63.0
123.5 70.75
139.0 78.75
79.5 73.25
72.5 80.25
60.75 92.25
48.5 106.75
64.75 119.0
62.0 120.75
60.75 122.0
68.5 122.5
81.0 122.5
79.0 84.0
77.5 75.0
81.75 74.5
84.75 81.75
78.5 85.0
76.5 85.75
100.5 85.0
105.5 77.5
114.75 78.75
123.5 87.75
110.5 90.0
103.5 88.25
64.0 143.0
59.5 139.5
57.75 138.25
59.5 141.75
62.75 140.25
72.0 143.5
87.0 152.0
61.5 145.5
61.25 146.5
65.0 148.0
76.25 151.0
61.25 146.25
61.0 147.5
64.5 149.0
72.75 151.0
60.5 149.0
58.0 152.25
59.75 155.75
65.25 155.5
75.75 155.5
