24.5 38.0 163.5 163.5
64.5 86.25
62.5 81.75
63.0 82.0
65.5 84.5
74.25 80.5
80.25 79.25
92.0 75.0
106.75 78.25
124.0 80.75
67.75 93.0
63.5 102.25
56.25 117.75
49.75 135.5
70.0 139.0
67.5 142.75
66.25 144.75
73.5 143.25
84.75 139.5
72.5 100.0
68.0 92.5
71.5 91.25
76.5 97.5
72.0 102.25
70.75 102.75
91.0 97.25
92.75 89.0
101.5 88.25
112.5 93.75
101.25 100.25
94.5 100.0
77.5 160.75
71.75 159.75
69.25 160.0
71.75 163.0
74.0 161.25
83.25 161.75
99.75 165.0
75.5 164.75
75.25 166.5
78.75 167.25
89.75 167.0
75.5 165.5
75.25 167.5
78.75 168.5
86.75 168.0
76.0 168.0
74.25 172.5
76.75 175.75
81.25 174.25
90.75 171.5
