23.0 45.0 161.5 161.5
65.0 80.0
64.5 75.75
66.25 76.75
69.5 80.25
81.25 78.25
88.0 78.0
101.5 75.5
117.0 80.75
134.0 84.75
72.5 90.0
67.5 99.0
59.5 114.5
52.0 132.5
69.0 135.75
67.5 140.0
67.0 142.5
75.0 141.5
87.0 139.0
72.0 94.5
69.0 87.25
73.5 86.75
78.75 94.0
73.0 97.75
70.5 97.75
96.25 96.75
99.5 88.75
109.75 89.75
120.5 96.5
108.0 101.5
100.5 100.0
73.75 157.25
69.25 156.5
68.0 157.25
70.75 161.0
73.75 159.5
83.75 161.0
100.25 165.5
73.0 162.0
73.5 164.25
77.75 165.5
89.5 166.5
72.75 162.75
73.5 165.25
77.5 166.75
86.0 167.25
72.5 165.0
71.75 170.0
74.5 173.75
80.0 173.0
90.0 171.0
