23.0 33.5 158.5 158.5
63.0 82.0
62.75 77.5
66.0 78.5
70.25 81.75
83.75 79.0
91.25 78.5
105.5 75.5
121.75 80.25
138.75 83.75
74.75 91.25
70.25 100.75
63.0 116.75
56.25 135.0
71.0 138.0
70.75 142.25
71.25 144.75
79.5 143.5
92.0 140.25
70.25 96.5
67.75 89.0
73.0 88.25
79.0 95.25
72.5 99.5
69.5 99.75
99.0 97.25
102.75 89.0
114.25 89.5
125.0 95.75
112.5 101.25
104.0 100.25
75.75 159.75
72.0 159.25
71.75 160.0
75.5 163.5
78.75 161.75
89.5 162.75
106.25 166.25
76.25 164.5
77.5 166.75
82.5 167.75
95.0 167.75
76.0 165.25
77.5 167.75
82.5 169.0
91.5 168.75
75.5 167.75
75.75 172.75
79.5 176.25
85.5 175.0
96.0 172.5
