15.5 38.5 164.0 164.0
79.0 68.5
78.5 63.0
78.5 62.0
79.25 64.25
88.25 61.75
93.75 62.0
105.75 61.0
118.0 68.25
133.0 76.25
78.0 71.75
70.75 78.25
58.25 89.5
45.75 103.25
64.0 116.5
60.0 117.75
57.75 118.5
65.0 119.25
76.5 119.25
81.5 83.75
79.75 74.75
83.0 74.0
85.25 80.75
79.75 84.25
78.5 85.25
97.75 83.25
102.25 75.5
110.0 76.5
118.25 85.5
105.75 87.75
100.0 86.25
63.25 140.5
58.0 136.75
55.5 134.75
56.25 138.0
58.75 136.5
67.25 139.75
81.25 148.75
59.5 142.5
58.5 143.0
61.25 144.25
71.5 147.5
59.25 143.25
58.0 144.0
60.75 145.5
68.0 147.5
59.0 146.0
55.5 148.75
56.25 152.0
60.75 151.5
70.5 152.0
