24.5 31.5 160.5 160.5
67.5 73.25
69.25 68.0
73.5 68.25
78.5 71.5
94.5 69.25
102.5 69.5
118.0 68.0
133.75 74.75
149.25 81.0
82.75 80.75
77.25 89.0
68.25 103.25
59.25 120.5
70.0 128.75
70.5 131.75
71.5 133.75
80.25 133.25
93.75 131.5
72.5 89.0
72.0 80.5
78.5 79.75
83.75 87.25
76.0 91.0
71.75 91.5
106.25 90.25
111.5 82.25
124.0 83.25
133.5 91.25
120.25 95.0
111.25 93.5
70.0 152.75
67.5 150.75
68.5 150.25
72.5 153.75
76.75 152.25
88.0 154.25
104.5 160.0
71.25 156.5
73.5 158.0
79.25 159.25
92.5 160.75
71.0 157.25
73.25 159.25
78.75 160.5
88.75 161.25
69.75 160.0
70.25 164.25
74.25 168.0
81.25 167.0
92.75 165.5
