16.0 39.0 168.5 168.5
71.0 71.5
72.75 65.25
76.75 63.25
81.0 64.5
96.5 60.0
104.0 59.75
119.0 57.5
133.75 63.75
148.75 71.25
84.5 71.0
78.5 77.75
68.25 89.5
57.75 104.0
68.25 120.0
68.5 120.5
69.25 120.5
78.0 120.5
91.75 119.0
74.5 87.25
74.5 77.5
80.75 75.75
85.5 82.0
77.5 86.5
73.75 88.25
106.75 81.75
112.25 73.5
124.25 73.0
133.25 81.25
120.0 84.5
111.5 83.75
66.5 146.5
64.0 142.0
65.0 139.0
68.5 141.5
72.75 139.25
84.0 141.25
100.5 148.75
67.5 147.5
69.25 147.5
74.75 147.75
88.25 149.25
67.0 148.5
69.0 148.5
74.5 149.0
84.25 149.75
65.5 152.0
65.5 154.25
69.25 156.75
76.5 155.25
88.25 154.0
