23.5 42.5 161.0 161.0
66.25 77.5
66.25 72.75
68.25 73.75
71.75 77.0
84.5 74.75
91.5 74.75
105.5 72.5
121.0 78.5
137.5 83.25
75.0 86.5
69.5 95.25
60.75 110.25
52.5 127.75
68.5 133.0
67.25 136.75
67.0 139.0
75.0 138.25
87.5 136.0
72.5 92.25
70.0 84.5
75.0 84.25
80.0 91.25
73.75 95.25
71.0 95.25
98.5 94.25
102.25 86.25
113.0 87.25
123.25 94.5
110.5 99.0
102.75 97.5
71.75 155.25
67.5 154.0
66.75 154.25
69.75 158.0
73.0 156.5
83.25 158.25
99.75 163.5
71.25 159.5
72.0 161.5
76.5 163.0
88.5 164.0
71.0 160.5
71.75 162.75
76.25 164.25
85.0 164.75
70.5 162.75
69.75 167.5
72.75 171.25
78.5 170.5
89.0 168.75
