15.0 49.5 158.0 158.0
72.25 75.0
71.0 70.0
70.75 70.0
72.25 72.5
80.75 69.75
86.5 69.75
98.25 67.5
111.5 73.5
127.75 79.5
72.25 81.0
66.0 88.75
55.5 102.25
45.5 118.0
65.5 126.75
61.75 129.25
59.75 130.75
67.0 130.75
78.5 129.25
77.25 89.75
74.0 81.5
77.25 80.75
80.5 87.75
75.75 91.5
74.5 92.0
93.5 89.75
97.0 81.75
105.0 82.5
114.5 90.25
102.25 94.25
96.25 92.75
68.5 149.5
62.75 147.25
60.0 146.5
61.5 150.0
63.75 148.5
72.5 150.75
87.75 157.5
65.25 152.75
64.5 154.25
67.25 155.5
77.75 157.25
65.0 153.5
64.25 155.25
67.0 156.5
74.5 157.75
65.25 156.25
62.25 160.0
63.75 163.5
68.25 162.75
77.75 162.0
