20.0 34.0 156.5 156.5
68.25 85.75
65.0 81.75
63.25 82.25
64.75 86.25
70.75 83.0
75.0 81.25
86.0 77.75
103.25 81.0
118.0 83.25
69.0 97.5
65.25 106.5
58.5 118.5
54.25 132.75
73.75 134.75
71.5 138.75
70.25 140.25
76.5 140.25
86.25 137.25
74.5 98.5
68.25 92.5
70.25 92.75
75.5 100.0
71.75 103.5
71.5 102.75
86.75 101.0
87.25 92.25
95.5 91.5
107.25 96.25
96.25 104.25
89.75 103.75
77.25 161.5
73.5 158.75
71.0 157.75
73.0 161.5
75.25 160.0
81.5 162.5
92.25 169.5
76.0 163.0
75.75 164.0
78.75 165.25
85.75 167.5
76.0 163.75
75.75 165.0
78.25 166.5
83.75 167.5
75.5 166.25
74.25 169.5
75.75 171.75
79.25 172.25
85.5 171.5
