16.0 35.0 156.5 156.5
72.0 77.75
70.25 72.25
69.75 71.25
71.75 74.5
80.25 70.75
85.25 69.25
98.25 66.5
115.75 72.0
129.75 76.5
74.75 85.5
69.75 93.5
61.0 104.25
54.25 117.5
70.75 125.5
69.25 128.25
68.5 128.75
75.25 129.25
86.25 127.25
75.75 91.5
71.5 83.75
74.25 83.25
79.0 91.0
73.5 94.75
72.75 94.75
92.75 91.5
95.5 82.25
105.5 81.5
116.5 88.0
103.75 94.5
96.25 94.0
68.75 154.25
66.5 150.0
65.25 147.5
67.0 151.0
70.25 149.25
76.75 152.5
86.75 161.0
68.75 154.5
69.0 154.75
72.25 155.75
80.0 158.5
68.5 155.25
68.75 155.75
72.0 157.0
77.5 158.5
67.25 157.75
66.0 160.5
67.75 162.25
72.25 162.75
79.25 162.5
