25.5 39.0 166.5 166.5
68.0 79.0
67.0 74.25
68.0 74.5
71.0 78.75
81.75 76.25
87.75 75.0
102.0 72.75
120.75 78.5
135.0 82.5
76.25 91.0
71.75 99.75
64.0 111.5
58.5 125.75
72.5 130.0
72.5 133.75
72.75 135.25
79.75 135.75
91.75 133.5
72.5 92.75
68.75 86.0
72.75 86.25
78.75 94.25
72.25 97.75
70.25 96.75
95.5 96.5
98.75 87.75
110.25 88.0
121.75 94.0
108.75 100.75
100.25 99.75
71.75 158.0
70.0 154.75
69.5 153.5
72.5 157.25
76.25 156.0
83.25 159.0
94.25 167.0
73.0 159.5
74.0 160.25
78.25 161.75
86.75 164.5
72.75 160.25
73.75 161.25
77.75 163.0
84.25 164.5
71.25 162.5
71.25 166.0
73.75 168.25
78.75 169.0
86.25 168.5
