18.5 47.0 155.0 155.0
63.75 88.5
62.0 83.75
62.75 83.5
66.25 87.0
75.75 82.25
81.25 80.0
94.75 75.25
114.0 77.75
128.75 79.5
72.75 97.75
69.75 107.0
63.75 119.5
60.25 134.5
75.5 137.5
75.75 140.75
76.0 142.0
83.0 141.25
94.25 137.0
70.5 101.5
65.5 95.0
69.25 94.5
76.25 101.25
70.5 105.75
68.75 105.5
92.5 100.25
94.25 90.75
105.25 88.75
117.5 93.0
106.0 101.75
97.5 102.25
79.0 165.5
76.5 162.25
75.75 160.75
79.25 164.0
82.5 161.75
90.0 163.75
102.0 170.0
80.25 166.5
81.25 167.0
85.5 167.5
94.25 168.75
80.0 167.25
81.25 168.0
85.25 168.75
91.75 169.0
79.0 169.75
79.25 173.0
82.25 174.75
87.0 174.5
94.25 173.0
