19.5 38.5 165.5 165.5
66.25 74.0
66.75 68.75
70.75 69.5
76.5 71.0
93.5 64.75
101.25 64.75
119.0 61.0
139.0 65.75
155.0 73.75
82.5 77.75
79.0 86.25
71.25 97.75
63.25 112.0
72.75 122.75
75.0 125.0
76.0 125.75
84.5 127.0
98.25 126.5
73.25 89.25
70.5 79.5
77.5 78.75
84.5 86.0
75.75 91.5
72.0 92.0
109.5 86.25
113.75 77.0
128.25 76.25
139.75 85.5
124.25 91.25
114.25 90.0
68.5 153.25
68.0 148.5
69.5 146.25
73.75 150.0
78.75 148.75
89.0 153.0
103.75 162.75
71.75 152.25
74.5 152.25
80.25 154.0
92.25 158.5
71.25 152.75
74.25 153.0
80.0 154.75
88.5 158.0
69.25 155.0
71.25 156.75
75.5 158.25
82.25 160.0
91.75 161.5
