20.5 34.0 163.0 163.0
71.0 69.25
72.0 63.0
76.25 63.0
81.75 64.0
99.25 57.75
106.75 57.75
124.75 55.25
144.0 61.25
159.0 71.25
87.0 70.0
82.5 77.25
73.75 87.0
64.25 99.5
72.25 114.75
74.25 116.0
75.25 115.75
83.75 117.75
97.5 118.25
76.0 85.0
74.5 74.25
81.75 73.25
88.0 80.5
78.5 85.75
74.5 86.75
112.75 81.0
118.0 71.75
132.5 71.25
142.75 81.5
127.0 85.75
117.25 84.0
64.5 145.75
64.5 140.0
66.5 136.5
70.5 140.0
75.5 138.75
85.5 144.0
99.5 155.25
67.75 143.5
70.75 143.25
76.5 144.75
88.0 150.25
67.5 144.0
70.5 143.75
76.25 145.5
84.5 149.25
65.0 146.5
67.0 147.5
71.0 148.75
78.0 150.75
87.25 153.25
