20.0 39.5 160.5 160.5
67.75 77.5
66.75 71.25
69.0 70.75
73.25 70.75
87.25 62.0
93.75 61.0
109.75 55.75
129.25 58.75
146.0 66.25
77.75 75.75
73.75 83.5
65.75 94.0
57.25 107.5
70.75 121.5
71.25 122.25
71.0 122.0
79.0 122.5
92.0 121.25
74.75 92.25
70.75 81.75
76.5 79.75
82.75 86.25
75.25 92.5
72.5 94.0
103.75 82.75
107.0 73.0
119.75 70.25
131.5 79.0
116.75 85.5
107.75 85.25
67.5 152.25
65.75 146.5
66.0 143.0
69.25 146.0
73.5 144.0
83.25 148.0
98.0 157.5
69.0 149.75
70.75 149.0
75.75 150.0
87.0 154.0
68.75 150.25
70.5 149.75
75.5 150.75
83.5 153.25
67.0 153.0
67.75 153.5
71.25 154.5
77.25 155.75
86.5 156.75
