15.0 44.5 154.5 154.5
57.5 93.25
55.5 90.25
59.0 92.75
64.0 94.25
77.0 87.25
84.0 86.0
99.25 78.75
120.0 78.0
138.5 80.0
71.5 101.5
70.5 111.5
67.0 125.75
63.75 142.25
77.75 142.25
79.75 146.25
80.5 148.5
88.5 147.5
100.75 144.25
69.0 105.0
62.75 98.75
68.5 97.75
77.25 103.5
71.25 109.75
68.25 109.5
99.5 101.5
100.25 92.75
113.25 90.0
127.25 94.75
114.25 105.0
104.75 105.0
83.75 169.25
81.25 167.0
81.5 166.75
86.0 170.25
89.75 168.75
100.25 170.25
116.75 174.75
85.5 170.0
87.75 171.0
93.25 172.0
105.0 173.5
85.5 170.5
87.75 171.75
93.0 172.75
101.5 173.75
84.5 172.5
86.25 175.25
90.0 176.75
96.5 177.25
105.5 176.5
