18.0 41.5 155.0 155.0
71.75 74.25
69.75 68.75
70.5 69.0
73.25 70.0
84.75 63.25
90.75 63.0
105.5 59.0
123.75 63.25
140.75 71.5
76.0 76.0
71.25 84.0
62.25 94.5
53.0 107.5
69.0 119.75
67.75 121.25
66.5 121.75
74.0 123.0
85.75 123.0
78.0 88.75
73.5 79.0
78.0 78.0
83.25 85.0
76.5 90.25
75.0 91.25
100.5 84.5
103.5 75.25
114.75 74.0
126.25 83.5
111.25 89.0
103.25 87.75
65.25 149.0
62.75 144.0
61.75 141.5
63.75 144.75
67.25 143.75
76.0 148.25
89.5 158.75
65.0 147.5
65.75 147.5
69.75 149.25
79.5 154.25
64.75 148.0
65.5 148.25
69.25 150.0
76.25 153.25
63.5 150.25
63.0 151.5
65.25 153.0
70.5 155.0
78.75 157.0
