19.5 43.0 168.0 168.0
73.25 73.75
72.25 67.25
73.25 66.0
76.5 66.0
89.0 57.5
95.0 56.75
110.25 52.25
128.25 56.25
144.5 65.0
79.25 70.5
74.25 77.5
64.75 86.5
54.75 98.5
69.0 115.0
68.25 115.0
67.25 114.25
74.75 115.5
87.0 115.25
78.75 88.75
75.25 77.75
80.0 75.75
85.0 82.25
77.75 88.0
75.75 90.0
103.5 79.25
107.0 69.5
118.75 67.25
129.75 76.75
114.5 82.0
106.25 81.5
63.0 145.5
61.25 139.0
60.75 135.0
63.0 137.75
67.0 136.0
75.5 140.5
89.0 151.5
63.5 142.25
64.5 141.25
68.75 142.25
78.75 147.0
63.25 142.75
64.25 141.75
68.5 143.0
75.5 146.25
61.75 145.5
61.5 145.5
64.0 146.5
69.5 148.0
78.0 149.75
