24.5 49.0 166.0 166.0
68.25 75.5
66.25 71.0
67.5 73.0
70.75 75.0
82.75 70.25
89.0 70.25
104.25 66.75
123.5 71.5
141.0 78.75
74.25 82.75
70.25 91.5
62.25 103.25
54.0 117.5
70.0 125.0
69.5 128.25
68.5 129.75
76.0 131.0
88.25 131.0
75.75 89.75
70.75 81.25
75.5 81.25
81.5 88.5
75.0 93.25
73.0 93.25
100.0 90.5
102.75 81.75
114.5 81.75
126.75 90.5
111.75 96.5
103.5 94.75
68.25 153.25
65.75 149.5
64.75 148.25
67.5 152.5
71.0 151.75
80.0 156.25
94.25 165.75
68.5 153.25
69.25 154.25
73.5 156.5
84.0 161.25
68.0 154.0
69.25 155.0
73.25 157.0
80.75 160.5
67.0 155.75
67.0 158.0
69.5 160.25
75.0 162.5
83.25 164.25
