20.5 39.5 167.0 167.0
61.5 82.5
59.75 79.75
62.5 83.5
67.0 86.5
80.25 82.75
87.0 83.0
103.0 79.0
123.5 82.25
141.75 86.75
72.75 95.25
70.5 105.25
64.5 119.0
59.0 134.5
73.25 135.0
74.25 140.0
74.5 142.75
82.25 143.25
94.75 142.25
71.5 95.5
65.75 89.0
71.5 89.5
79.0 96.75
72.5 101.5
69.75 100.5
100.25 100.0
102.5 92.0
115.25 92.25
128.5 99.25
114.0 106.75
104.75 104.75
75.5 161.5
73.0 159.5
73.0 160.0
76.75 164.5
80.5 163.75
90.25 167.25
105.5 174.25
76.75 163.25
78.25 165.0
83.25 167.25
94.5 171.0
76.5 163.75
78.25 165.75
83.25 168.0
91.25 170.5
75.25 165.25
76.25 168.75
79.75 171.0
85.75 173.0
94.5 174.0
