14.0 34.5 161.5 161.5
61.5 87.0
59.0 83.5
60.5 86.0
64.25 87.75
75.0 81.5
81.25 80.75
95.75 74.75
115.5 76.0
134.0 79.5
69.25 95.25
67.25 104.75
61.75 118.25
56.75 133.75
73.5 136.25
73.75 140.25
73.25 142.25
80.75 142.0
92.5 140.0
72.0 99.5
65.5 92.5
70.0 92.0
77.5 98.25
72.0 104.0
70.0 103.75
96.25 98.0
97.25 89.0
108.75 87.5
122.25 93.5
108.75 102.25
100.25 101.75
77.5 163.75
74.5 161.0
73.5 160.5
76.75 164.25
80.25 163.0
89.75 166.0
105.5 172.5
77.75 164.25
79.0 165.25
83.5 167.0
94.5 169.75
77.75 165.0
79.0 166.0
83.5 167.75
91.25 169.75
76.75 166.75
77.5 169.5
80.5 171.25
86.0 172.5
94.5 172.75
