15.0 47.0 162.0 162.0
65.5 78.5
65.0 72.75
67.75 71.75
72.75 75.25
87.5 72.25
95.25 71.5
109.75 70.25
128.0 77.5
143.25 83.0
79.0 87.25
74.5 96.75
65.75 112.0
58.0 128.5
71.5 132.5
71.75 136.0
72.0 138.25
79.75 138.5
92.25 137.0
72.0 92.25
69.0 84.25
74.5 83.25
81.25 90.25
74.0 94.75
71.0 95.0
102.75 92.5
106.5 84.75
118.0 86.0
128.25 93.0
116.0 98.5
107.5 96.5
69.0 157.75
68.5 154.25
69.0 152.25
72.0 156.25
75.75 154.75
83.75 158.5
95.75 167.0
71.5 159.0
73.25 159.75
77.75 161.25
87.25 164.5
71.25 159.75
72.75 160.75
77.25 162.25
84.5 164.25
69.25 162.25
70.0 165.5
73.0 168.25
78.5 168.75
87.0 168.5
