20.5 30.5 164.0 164.0
59.0 90.75
58.0 85.25
61.5 84.0
67.75 86.75
83.5 81.25
91.0 79.0
106.0 75.0
125.75 79.0
141.5 81.25
77.0 97.5
74.75 108.0
69.75 124.75
65.75 143.0
77.75 143.25
79.5 147.0
80.75 149.25
88.5 148.0
100.75 144.0
68.25 103.0
64.0 95.75
70.0 94.0
78.5 99.5
71.5 105.25
68.25 106.0
102.0 98.0
104.5 89.75
117.0 89.0
128.25 94.0
117.0 101.75
107.75 101.25
79.75 168.5
79.25 165.5
80.0 163.5
84.25 166.75
88.0 164.75
96.75 167.0
110.25 172.75
83.25 169.5
85.5 170.0
90.75 170.5
101.0 171.75
83.25 170.25
85.5 171.0
90.75 171.75
98.25 172.25
81.5 173.0
83.5 176.25
87.25 178.5
93.25 177.75
101.75 176.0
