24.0 31.0 162.5 162.5
72.5 79.75
70.75 72.5
70.75 69.0
73.0 70.0
82.75 63.0
88.25 60.75
100.0 57.5
115.5 63.0
130.5 69.0
75.25 78.25
69.5 86.0
58.75 98.25
48.75 112.25
67.75 124.5
65.25 125.25
63.25 125.25
70.25 125.5
81.25 123.75
77.75 92.75
73.75 83.5
77.25 80.75
81.75 86.25
76.25 92.0
75.25 94.0
96.5 83.0
99.25 74.5
107.25 73.0
116.75 80.0
105.5 85.75
99.0 85.5
64.0 150.75
62.0 145.0
60.75 140.75
62.0 143.5
65.0 141.25
71.25 144.75
81.5 153.75
63.75 149.25
64.0 148.5
67.0 149.0
74.75 151.75
63.5 150.0
63.5 149.5
66.25 150.0
72.25 151.5
62.25 153.0
60.5 154.5
62.0 156.0
66.25 155.75
73.75 155.5
