14.0 42.5 160.0 160.0
71.5 77.75
69.5 71.5
69.25 69.75
71.5 72.25
81.0 68.0
86.5 66.5
98.25 64.75
114.0 71.75
129.5 77.75
74.0 82.75
68.5 91.25
58.0 104.75
48.75 119.5
68.0 127.25
65.5 129.75
63.75 131.0
70.5 131.5
81.25 130.5
77.25 91.25
72.75 82.75
76.25 81.25
81.0 87.5
75.75 92.25
74.75 93.25
95.5 88.25
98.0 80.25
106.0 80.75
115.75 88.0
104.5 93.25
98.0 91.75
65.5 152.25
63.25 148.0
61.75 145.25
63.0 148.75
65.75 147.25
72.25 151.25
82.5 160.5
65.25 152.5
65.25 152.75
68.0 154.0
75.75 157.75
64.75 153.25
64.75 153.75
67.5 155.25
73.25 157.25
63.75 155.75
62.25 158.5
63.5 160.75
67.5 161.25
74.75 161.5
