25.0 36.5 156.5 156.5
72.25 70.25
73.75 63.0
77.5 60.25
82.5 62.5
99.0 58.75
107.0 58.0
122.0 57.75
138.75 66.75
152.25 75.0
87.25 72.75
81.5 80.25
70.5 92.0
59.75 105.75
70.0 118.75
70.75 120.25
71.0 120.5
79.0 122.0
92.0 122.0
76.0 84.75
75.25 74.75
81.5 73.5
87.25 80.25
78.5 84.75
75.0 86.0
109.75 81.75
115.25 73.75
127.0 74.75
135.75 83.5
122.75 87.0
114.25 85.0
61.75 145.5
62.75 140.0
64.5 136.0
67.5 139.5
71.75 138.0
79.5 142.5
90.25 153.0
65.25 144.75
67.25 144.5
72.25 145.75
81.5 149.75
64.75 145.5
66.75 145.5
71.5 146.75
78.75 149.25
62.0 148.25
62.5 150.25
65.75 152.5
71.75 153.0
80.75 153.75
