27.0 43.5 167.5 167.5
74.25 73.75
73.25 67.0
73.5 64.75
76.0 67.0
86.5 63.0
92.5 61.75
105.0 60.75
120.25 68.75
135.0 76.0
77.75 77.25
71.75 85.25
60.0 97.25
49.5 111.25
67.25 121.75
64.75 123.5
63.25 124.5
70.0 125.5
81.25 125.25
78.75 87.5
75.5 78.25
79.25 77.0
83.75 83.5
77.75 88.0
76.25 89.0
99.0 84.5
102.5 76.5
111.25 77.25
120.25 85.25
108.25 89.75
101.75 88.0
62.0 147.0
60.5 142.25
59.5 139.0
60.75 142.25
63.75 141.0
70.0 145.25
79.75 155.5
62.0 146.75
62.25 146.75
65.5 148.25
73.0 152.25
61.75 147.5
61.75 147.75
64.75 149.25
70.5 151.75
60.25 150.25
58.75 152.5
60.0 154.75
64.25 155.25
71.75 156.0
