15.0 32.5 152.5 152.5
68.75 81.5
66.5 75.25
66.5 73.5
69.25 75.75
78.75 71.0
84.5 69.25
96.5 66.75
113.0 72.75
128.75 77.75
72.5 86.25
67.75 95.25
58.25 109.25
50.0 125.0
69.25 131.25
67.25 133.75
65.75 135.25
72.5 135.5
83.5 133.75
75.25 94.25
70.5 86.25
74.25 84.5
79.5 90.5
74.25 95.75
73.25 96.5
94.5 90.25
96.75 82.25
105.25 82.0
115.5 88.75
104.5 94.75
97.5 93.75
68.25 156.5
66.0 152.25
64.5 149.75
66.25 153.0
69.0 151.5
75.75 155.0
86.75 163.5
68.25 156.75
68.5 157.0
71.5 158.0
79.75 161.0
68.0 157.5
68.0 158.0
71.25 159.25
77.25 161.0
67.0 160.0
65.75 162.75
67.5 165.25
71.75 165.25
79.0 165.0
