16.5 34.0 162.0 162.0
68.75 73.25
70.5 67.25
74.75 64.25
80.0 66.75
95.0 62.0
103.0 60.25
117.75 59.0
134.0 65.5
148.5 71.75
85.25 76.25
79.25 83.75
69.5 95.25
62.75 108.0
73.5 122.25
75.25 123.25
76.5 123.5
84.75 123.25
97.5 120.75
72.0 90.5
71.5 82.0
77.25 80.0
83.5 86.75
75.0 91.0
71.0 92.0
104.5 86.25
110.0 77.75
122.0 77.75
132.75 84.25
119.25 88.5
110.25 88.0
71.0 148.5
70.25 143.75
71.5 140.25
75.75 143.0
81.0 140.5
91.75 144.0
106.75 152.0
73.5 149.25
75.75 149.0
82.0 149.75
95.25 151.75
73.0 150.25
75.25 150.25
81.5 151.0
91.25 152.0
70.75 153.75
71.25 156.0
75.75 158.75
83.25 157.75
95.0 156.5
