18.0 35.0 160.0 160.0
68.75 78.0
68.75 72.0
70.5 68.75
74.5 70.75
86.0 65.0
92.5 62.5
105.75 60.0
121.25 65.0
136.5 70.0
78.0 79.75
72.25 87.5
62.5 99.25
56.0 112.25
71.75 125.25
71.75 126.25
71.5 126.25
79.0 125.5
90.75 122.5
72.75 94.5
70.5 86.25
74.75 84.0
80.0 90.0
73.5 94.75
70.75 96.0
96.75 88.0
100.75 79.25
111.0 78.25
122.25 83.75
109.25 89.25
101.25 89.25
72.0 151.0
69.5 146.25
68.75 143.0
71.75 145.25
76.0 142.75
86.0 145.5
100.75 152.75
72.25 151.5
73.0 151.25
78.0 151.5
90.25 153.0
71.75 152.5
72.75 152.5
77.75 153.0
86.5 153.5
70.5 156.0
69.5 158.25
72.5 160.75
79.0 159.5
90.0 157.75
