16.0 47.5 169.5 169.5
65.25 82.5
64.25 77.5
65.5 75.75
69.5 78.75
79.75 74.0
86.0 71.75
98.75 69.0
114.75 73.5
130.75 77.0
74.0 88.75
69.0 98.0
60.5 111.5
55.5 125.5
73.5 132.75
73.0 135.25
72.75 136.5
79.75 135.25
90.75 132.0
71.5 98.5
67.75 91.75
71.5 90.25
77.5 96.5
71.75 100.75
69.5 101.25
93.25 96.0
96.25 87.5
106.0 87.25
117.75 91.75
105.25 98.0
97.75 98.0
76.75 156.5
73.5 153.5
72.25 151.75
75.25 154.75
78.75 152.5
88.75 154.75
103.75 160.75
76.5 158.75
77.25 159.5
82.0 160.25
93.75 161.25
76.25 159.75
77.0 160.75
81.5 161.75
90.25 162.0
75.5 162.75
74.5 166.25
77.75 169.25
83.5 168.25
93.75 166.0
