18.5 35.5 163.0 163.0
67.5 73.0
69.25 68.0
73.0 66.75
78.5 70.5
93.5 67.75
101.25 66.5
116.25 66.0
132.75 73.25
147.75 79.5
83.75 81.75
78.0 90.25
68.5 103.0
62.0 116.75
73.5 126.25
75.0 128.75
76.25 130.25
84.25 130.0
97.0 128.25
71.5 90.75
70.5 83.0
76.25 82.25
82.5 89.75
74.5 93.0
70.5 93.25
103.5 92.0
108.75 84.0
120.75 85.5
131.75 91.75
118.0 96.25
109.0 94.75
72.0 150.75
71.0 147.5
72.0 145.75
76.0 149.25
81.0 147.5
91.75 151.0
106.5 158.75
74.0 153.25
76.25 154.25
82.5 155.75
95.25 158.0
73.75 154.25
76.0 155.5
82.0 157.0
91.5 158.25
71.75 157.25
72.0 160.75
76.25 164.25
83.75 164.0
95.0 163.0
