15.5 36.5 164.0 164.0
61.5 87.0
61.5 81.5
63.75 79.0
70.75 85.25
83.75 82.0
90.25 76.5
104.0 74.75
118.5 81.5
135.75 86.5
83.25 103.75
79.75 114.75
72.75 128.75
68.25 142.0
73.25 143.25
77.0 147.0
79.75 148.75
86.75 149.75
99.5 148.5
65.75 102.5
63.75 97.75
68.5 97.5
75.75 104.75
68.25 107.5
65.25 106.5
97.5 106.25
100.5 97.5
112.25 97.75
122.75 101.25
111.5 108.75
102.75 108.25
77.75 167.5
75.0 165.25
74.75 164.5
79.0 168.75
82.75 167.5
93.25 171.5
108.0 177.0
80.0 170.75
81.75 172.25
87.0 174.25
98.5 176.5
80.0 171.5
82.0 173.5
87.0 175.5
95.5 177.0
79.5 174.25
80.75 179.25
85.0 183.0
90.5 182.75
99.5 181.25
