15.5 46.0 160.5 160.5
65.5 83.25
65.0 77.0
65.75 73.25
70.75 78.25
81.0 73.75
86.5 67.5
98.75 65.5
111.5 72.0
128.25 77.75
80.25 96.25
75.75 106.25
67.0 118.75
61.0 131.0
69.5 136.75
71.0 139.25
72.75 140.0
79.0 141.0
90.5 139.75
68.75 98.75
66.0 92.75
69.25 91.75
75.0 98.75
68.75 102.0
66.75 101.75
92.25 98.0
95.0 89.0
104.75 88.25
115.0 92.25
103.75 99.25
96.25 99.25
72.75 162.5
69.0 159.0
67.5 156.75
70.25 160.5
73.5 158.75
83.0 163.5
97.0 170.75
73.25 164.5
73.5 165.25
77.75 166.75
88.25 169.75
73.0 165.5
73.5 166.5
77.75 168.25
85.5 170.0
73.0 168.75
72.5 172.75
75.5 176.25
80.25 175.75
89.0 175.0
