22.0 46.0 158.0 158.0
72.75 74.5
74.25 66.75
76.75 60.75
81.25 64.0
93.5 57.75
100.75 51.5
113.5 50.25
124.75 56.5
140.0 64.75
87.5 80.75
81.0 88.5
70.0 97.0
61.75 107.0
66.25 121.5
68.5 121.0
70.75 120.25
77.0 121.5
89.75 120.25
72.0 90.0
71.5 81.75
75.75 79.25
80.25 85.75
72.75 89.5
70.25 90.75
99.75 82.25
104.75 72.75
115.25 71.0
124.25 76.5
112.0 81.25
104.0 82.0
62.75 150.0
60.5 143.25
60.5 137.75
63.25 140.25
67.5 138.0
76.5 143.5
89.5 153.75
63.75 149.25
64.75 148.0
69.5 148.5
80.25 152.5
63.5 150.25
64.5 149.25
69.0 150.25
77.0 152.5
62.25 154.5
61.5 156.25
64.5 159.0
70.0 157.75
79.75 157.75
