22.0 43.5 166.5 166.5
74.0 74.75
74.25 67.75
75.0 62.75
78.0 66.75
87.5 61.5
93.5 55.5
105.0 54.5
115.25 61.5
130.25 69.5
83.25 84.25
76.5 92.5
65.25 102.0
57.0 112.25
65.5 123.5
65.75 124.5
66.75 124.25
72.0 125.75
83.0 125.5
74.0 90.25
72.0 82.75
75.0 81.25
78.5 88.0
72.5 91.0
71.25 92.0
93.5 86.25
97.5 77.25
106.25 76.25
115.0 81.75
103.0 86.75
96.5 87.0
63.5 150.75
60.0 145.25
58.25 141.0
59.75 144.0
63.0 142.25
70.75 148.0
83.25 158.0
62.75 151.25
62.5 150.5
65.75 152.0
75.25 156.25
62.5 152.0
62.25 152.0
65.5 153.5
72.25 156.0
61.75 156.0
59.75 158.25
61.75 161.5
66.0 161.0
74.5 161.5
