14.0 42.0 165.0 165.0
72.5 73.0
75.0 65.0
79.0 58.5
84.5 61.25
98.75 55.0
107.0 48.75
120.25 47.75
132.0 54.0
146.75 62.5
91.25 78.0
85.0 85.0
74.5 92.75
66.25 102.25
67.5 118.5
71.25 117.5
74.5 116.25
81.5 117.5
95.25 116.25
71.5 88.5
72.0 79.75
77.25 77.25
82.5 83.25
73.75 87.25
70.25 89.0
104.75 79.0
110.5 69.75
122.25 68.0
131.25 73.5
118.75 78.0
110.0 78.75
62.75 148.0
61.75 140.5
63.0 134.25
66.5 136.5
71.5 133.75
81.25 139.5
94.75 150.0
65.25 146.5
67.25 144.5
73.0 145.0
84.5 148.75
65.0 147.5
67.0 146.0
72.5 146.5
81.25 148.75
63.0 152.25
63.5 153.25
67.25 155.75
73.75 154.25
84.25 154.0
