25.5 36.5 161.5 161.5
71.25 70.5
73.25 63.25
77.5 60.5
83.25 65.0
98.0 59.75
105.0 54.75
122.25 53.25
137.5 62.5
153.25 70.75
89.5 81.5
84.5 89.0
75.0 97.25
67.0 106.25
69.75 118.75
73.75 120.75
76.75 120.5
83.25 122.0
94.5 120.75
73.5 85.5
73.5 76.75
79.5 76.75
84.25 85.25
75.75 87.25
72.0 87.25
106.25 85.5
112.25 75.25
126.0 74.0
135.75 81.75
121.25 86.5
111.5 86.5
63.0 147.75
63.25 140.5
66.0 136.0
70.5 139.0
76.5 137.75
86.25 143.5
98.5 155.25
66.0 145.0
68.75 144.0
75.25 145.5
87.75 150.75
65.5 145.75
68.25 145.0
74.5 146.5
84.0 150.0
62.75 149.0
63.25 149.75
67.0 151.75
74.5 152.75
86.5 154.5
