16.0 49.5 156.5 156.5
59.25 89.0
58.5 83.75
61.75 83.25
69.0 88.25
81.25 82.75
86.5 77.25
102.75 72.5
120.75 78.25
139.0 80.75
81.0 103.75
79.0 113.5
73.0 126.0
69.0 138.25
75.5 141.25
80.0 144.75
82.75 145.5
89.25 145.75
99.25 143.0
66.75 102.25
64.0 96.5
69.5 96.75
77.25 104.25
69.75 107.25
66.25 106.25
98.25 104.25
100.5 94.0
113.5 91.5
125.5 96.0
112.75 104.75
103.5 105.75
79.25 166.75
77.0 162.75
78.25 161.0
83.25 164.25
88.25 162.5
99.0 165.75
114.0 172.75
81.0 167.25
83.5 167.75
89.75 168.75
102.75 170.75
81.0 168.0
83.25 168.75
89.25 170.0
99.0 171.0
79.5 170.5
80.5 173.75
84.5 176.25
91.5 176.25
102.75 175.0
