14.5 38.5 165.0 165.0
73.5 73.5
72.75 66.75
73.75 64.5
77.0 69.25
86.5 64.0
91.5 59.0
105.5 56.5
119.25 65.25
135.5 72.25
81.75 85.25
76.5 93.0
66.5 102.0
58.25 111.25
67.75 121.5
69.0 123.75
69.75 124.0
75.0 125.5
83.75 124.25
76.25 88.0
74.0 80.0
77.5 80.0
81.25 88.25
75.0 90.25
73.5 90.0
95.75 88.75
99.75 78.5
110.25 77.25
120.0 84.5
106.25 90.0
99.0 90.0
64.25 148.75
62.25 142.5
62.0 138.75
64.25 141.75
68.5 140.75
76.5 146.5
88.0 157.75
63.75 147.0
64.25 146.25
68.5 148.0
79.0 153.25
63.25 147.5
63.75 147.25
67.75 149.0
75.75 152.5
61.75 150.5
59.75 151.75
61.5 154.0
67.0 155.0
77.5 157.0
