26.0 41.5 168.5 168.5
73.0 76.75
72.75 69.0
74.25 64.75
78.0 67.5
88.0 59.75
93.25 53.75
107.75 49.5
121.5 56.0
137.75 62.5
83.0 81.75
77.75 89.0
67.75 96.75
59.5 105.25
68.0 119.75
69.5 120.25
70.75 119.25
76.25 120.0
85.5 117.25
75.75 91.0
74.0 81.75
77.5 80.25
81.5 87.5
75.0 90.75
73.25 92.0
97.25 83.25
101.5 72.5
112.25 69.0
122.25 75.5
108.5 81.5
100.75 83.0
63.5 149.0
62.0 141.0
62.25 135.25
64.75 137.0
69.5 135.0
78.0 139.75
89.75 150.75
63.75 144.75
64.5 142.75
69.25 143.0
80.25 147.25
63.25 145.5
64.0 143.5
68.25 144.0
76.75 146.5
61.5 149.0
59.75 148.5
61.75 149.5
67.75 149.5
78.75 150.75
