16.5 35.0 158.5 158.5
71.75 70.5
74.0 62.75
79.0 59.0
85.0 62.75
100.25 56.75
107.75 51.5
125.25 49.5
140.25 58.25
155.75 66.5
91.5 78.5
86.25 85.5
77.0 93.0
68.75 101.25
70.25 116.25
74.75 117.25
78.0 116.5
84.75 117.75
96.5 116.0
73.5 85.5
74.25 76.25
80.25 75.5
85.25 83.5
76.25 86.0
72.5 86.5
108.25 82.0
114.5 71.75
128.5 69.75
138.25 77.5
123.75 82.0
113.75 82.5
62.5 146.0
63.25 138.0
66.75 132.5
71.5 134.75
78.0 133.0
88.0 138.75
100.25 150.75
66.25 142.25
69.5 140.25
76.25 141.25
89.25 146.25
65.75 142.75
69.0 141.25
75.5 142.25
85.5 145.5
62.75 146.25
63.75 146.25
67.75 147.5
75.75 148.25
88.0 150.0
