18.0 42.5 155.0 155.0
64.75 86.25
61.5 82.0
61.0 83.0
65.25 88.75
71.75 86.0
74.5 81.5
86.75 78.5
102.25 85.5
120.0 88.5
74.25 105.0
71.75 114.0
65.0 126.25
60.25 137.5
73.0 138.25
74.25 142.75
75.0 144.25
79.75 145.5
87.25 144.25
72.0 99.0
67.0 94.0
69.75 95.25
75.5 103.5
70.75 105.0
69.75 103.25
88.25 106.75
88.75 98.0
97.5 97.25
109.0 102.25
97.5 109.75
91.0 109.5
78.25 161.5
74.25 158.5
72.5 157.75
75.0 162.0
78.25 161.25
87.0 165.75
100.0 173.75
76.75 163.0
76.5 164.5
80.5 166.75
91.0 170.25
76.5 163.75
76.25 165.5
80.0 167.75
88.0 170.25
76.25 166.0
74.25 169.75
76.0 173.0
81.0 174.0
90.75 174.5
