18.0 39.5 168.0 168.0
66.5 77.5
67.0 71.0
70.5 69.0
76.0 72.25
92.25 68.25
99.0 66.5
116.0 65.5
135.5 71.0
149.75 75.25
85.0 85.25
80.75 93.5
73.75 103.0
67.5 117.0
71.5 124.25
74.0 126.75
76.25 127.25
84.5 127.5
99.5 125.0
70.25 90.75
67.25 82.75
72.25 81.25
78.75 89.0
71.75 92.25
68.5 93.0
104.75 90.0
109.25 80.75
123.5 80.5
136.5 87.0
121.25 92.0
111.25 91.25
70.25 153.75
69.5 150.25
70.25 148.25
75.0 151.75
80.0 149.75
89.5 152.75
102.25 159.25
73.5 155.25
75.75 155.75
81.75 156.75
93.0 158.75
73.25 156.0
75.5 156.75
81.5 157.75
90.0 159.0
71.5 158.75
72.75 161.5
77.25 163.75
84.25 163.75
93.25 163.0
