22.0 30.0 158.5 158.5
77.0 73.0
75.0 66.75
73.75 64.5
75.25 67.75
84.25 64.5
89.0 63.0
102.25 63.0
118.75 70.0
133.5 75.5
79.25 80.25
73.5 87.75
64.5 95.5
55.75 108.0
67.75 116.25
65.25 118.25
64.5 118.75
70.75 120.0
83.0 119.25
79.0 85.75
74.0 77.75
75.75 76.5
79.25 84.25
75.0 86.75
74.75 87.5
93.75 86.5
96.75 77.5
106.75 78.25
119.5 86.0
104.25 89.5
97.0 87.75
64.25 144.0
61.0 140.25
59.0 138.0
60.25 141.5
63.5 140.25
70.5 144.25
81.0 152.25
63.25 145.25
62.5 145.5
65.75 147.25
74.0 150.75
63.0 146.0
62.25 146.5
65.5 148.25
71.5 150.5
62.25 148.25
60.25 150.5
61.75 153.25
66.0 154.0
73.25 154.75
