17.5 46.0 161.0 161.0
65.75 82.25
64.0 77.0
64.75 76.0
68.75 79.75
81.0 76.25
86.5 74.25
102.0 72.5
121.25 76.5
136.75 79.25
77.5 92.5
73.5 101.25
66.75 111.5
61.25 126.0
70.5 129.75
71.0 133.25
71.75 134.25
79.25 134.5
92.5 131.5
70.75 94.75
65.25 88.25
68.5 87.5
75.0 94.75
69.75 97.75
68.0 98.0
95.5 96.25
97.75 87.5
110.25 87.0
124.25 92.0
109.5 98.5
100.75 97.75
72.75 157.5
70.25 155.0
69.25 154.0
72.75 158.0
76.5 156.25
85.25 158.75
97.75 164.25
74.0 159.75
74.75 160.75
79.5 162.25
89.75 164.0
73.75 160.5
74.75 161.75
79.5 163.25
87.0 164.25
73.0 162.75
73.0 166.0
76.5 168.75
82.0 168.75
90.0 168.0
