16.5 48.5 165.5 165.5
64.0 83.25
62.5 78.5
64.0 78.25
68.5 82.5
81.75 79.75
87.5 77.75
103.25 76.25
123.25 80.25
138.5 82.5
78.0 95.5
74.5 104.75
68.25 115.5
63.25 130.25
71.5 132.0
72.75 136.25
73.75 138.0
81.5 138.0
95.0 135.0
69.5 95.75
64.25 89.75
68.0 89.5
74.75 97.0
69.25 99.5
67.25 99.25
96.75 99.5
99.25 90.75
112.25 90.75
126.25 95.25
111.5 102.0
102.25 101.25
74.5 159.25
72.0 157.5
71.5 157.0
75.5 161.0
79.25 159.5
88.25 162.0
101.25 167.25
76.25 162.25
77.5 163.5
82.5 165.0
92.75 166.75
76.0 163.0
77.25 164.5
82.5 166.0
90.0 167.25
75.25 165.0
75.5 168.75
79.5 171.5
85.25 171.75
93.25 170.75
