26.0 47.0 168.5 168.5
61.0 86.5
59.75 83.5
61.75 85.25
67.25 90.5
81.25 89.5
87.25 88.0
103.5 86.5
124.0 90.0
139.5 90.75
78.25 104.0
75.5 113.75
70.25 125.25
66.75 140.75
73.75 137.75
76.0 143.5
77.5 146.25
85.25 146.0
98.5 143.0
67.75 98.75
62.25 94.75
66.25 95.25
74.25 103.0
68.25 104.75
66.0 103.5
97.75 107.75
100.0 100.25
113.5 100.75
127.75 104.0
113.5 111.25
103.75 110.25
78.75 163.0
76.5 162.5
76.5 163.5
80.75 168.0
84.75 166.75
94.0 169.0
107.0 173.0
81.0 167.0
82.75 169.25
88.0 171.25
98.5 172.5
81.0 167.75
82.75 170.25
88.0 172.0
95.75 173.0
80.25 169.25
81.25 173.75
85.5 177.0
91.25 177.5
99.25 176.5
