16.0 37.0 169.5 169.5
71.75 74.75
71.5 69.25
73.25 68.0
77.0 70.25
89.5 64.5
96.25 62.25
109.5 58.25
125.5 62.25
141.25 68.25
81.25 81.25
75.5 88.75
64.75 98.75
56.25 110.5
68.75 124.0
68.75 125.0
69.0 125.25
76.25 125.75
88.0 124.5
75.5 92.25
72.0 82.5
76.25 81.25
81.75 88.25
73.75 93.0
71.75 94.0
99.25 86.5
104.0 76.5
117.0 74.0
128.75 81.5
113.0 87.5
103.75 87.75
70.0 150.0
66.5 146.25
65.75 143.5
68.75 146.5
72.5 144.5
83.5 147.75
100.5 155.25
69.25 151.75
70.5 151.75
75.25 152.75
88.25 155.25
69.0 152.5
70.25 153.0
74.75 154.0
84.25 155.5
67.75 155.75
67.25 158.25
70.25 161.25
76.25 160.5
88.0 159.75
