14.0 41.0 155.5 155.5
65.5 83.5
63.5 80.0
64.5 81.25
68.0 84.75
78.0 80.25
84.0 78.0
95.75 73.25
112.25 75.5
129.25 78.0
74.0 97.25
70.0 106.5
61.5 120.0
55.75 134.0
71.75 138.0
71.5 141.75
71.25 143.5
78.0 143.5
88.5 141.25
73.25 99.5
67.25 92.75
70.5 92.75
76.75 100.25
70.75 104.25
69.5 103.75
92.25 100.25
94.5 90.5
106.25 88.25
119.5 93.5
105.25 102.25
96.5 102.5
78.75 160.0
74.25 159.25
72.5 159.5
75.25 163.0
78.25 161.5
89.0 163.5
106.25 167.75
77.75 164.5
78.5 166.25
82.75 167.75
95.0 168.75
77.75 165.25
78.5 167.5
82.5 169.0
91.5 169.5
77.5 167.75
76.75 172.25
79.75 175.75
85.0 175.0
95.5 173.25
