14.5 46.5 158.0 158.0
71.5 78.25
69.25 74.0
68.5 74.5
70.75 77.5
79.0 73.0
84.5 71.0
95.5 67.0
110.5 70.25
127.0 74.75
74.0 89.75
68.75 98.0
58.25 109.75
50.5 122.5
68.25 130.25
66.5 133.0
65.25 134.25
71.25 134.75
81.25 133.5
77.25 94.75
71.5 86.75
73.5 86.5
78.0 94.0
72.5 98.0
72.5 98.0
90.75 94.0
93.25 84.5
103.75 82.5
116.0 89.0
101.25 96.25
93.75 96.25
73.5 153.5
68.25 151.75
65.25 150.75
67.0 154.25
69.5 152.75
79.25 155.75
95.75 162.25
70.75 157.0
70.25 158.5
73.5 160.0
85.0 162.25
70.5 158.0
70.0 159.5
73.25 161.0
81.25 162.5
70.25 160.5
68.25 164.25
70.0 167.75
74.5 167.5
84.75 166.75
