17.0 34.5 153.5 153.5
73.0 72.75
72.5 67.75
73.75 67.5
77.25 70.5
89.25 66.0
96.0 64.25
109.0 61.0
124.75 65.75
140.5 72.25
81.0 82.5
75.0 90.0
63.75 100.25
55.0 112.25
68.0 123.75
67.75 125.75
67.75 126.5
74.5 127.5
86.0 127.0
76.5 90.25
73.0 81.0
76.75 80.5
81.75 88.25
74.0 92.0
72.5 92.5
98.5 88.25
103.25 78.75
116.0 77.5
127.5 85.25
111.75 91.0
102.75 90.5
69.25 149.0
65.5 146.0
64.25 144.0
67.0 147.5
70.5 146.0
81.25 149.75
97.75 157.5
68.0 151.5
68.75 152.5
73.25 153.75
85.75 156.75
67.75 152.25
68.5 153.5
72.75 155.0
82.0 157.0
66.5 155.25
65.5 158.5
68.25 162.0
74.0 161.5
85.25 161.5
