19.0 33.0 164.5 164.5
78.75 69.25
78.5 63.5
79.25 62.25
82.0 64.5
93.5 59.5
100.0 58.0
112.75 55.25
127.5 60.75
142.5 68.75
83.75 75.25
77.0 81.5
64.5 89.75
54.25 100.0
66.75 115.75
65.75 116.25
65.25 116.25
71.75 117.5
83.0 117.75
80.25 86.75
77.5 76.5
80.75 75.5
84.5 82.75
77.0 86.5
75.75 87.75
100.0 82.25
105.5 73.0
117.75 71.5
128.5 80.5
112.25 84.5
103.75 83.75
65.25 141.75
61.5 137.25
60.0 134.0
62.0 137.0
65.5 135.5
75.75 140.0
91.25 149.75
63.25 142.75
63.5 142.75
67.5 144.25
79.25 148.0
62.75 143.5
63.0 143.75
66.75 145.25
75.5 147.75
61.5 146.75
59.5 148.75
61.5 151.75
67.25 151.75
78.25 152.5
