22.5 37.5 153.0 153.0
67.5 81.0
65.5 77.25
66.0 78.25
69.25 81.75
79.0 77.5
84.75 75.25
96.5 71.0
112.5 73.75
129.5 77.25
74.25 94.25
69.75 103.25
60.5 116.0
53.75 129.75
70.25 135.0
69.5 138.5
69.0 140.0
75.5 140.25
86.25 138.75
74.25 97.25
68.5 90.0
71.5 90.0
77.5 97.75
71.25 101.5
70.5 101.25
92.0 98.0
94.75 88.5
106.25 86.5
119.0 92.25
104.5 100.25
96.0 100.25
76.5 157.5
71.75 156.5
69.5 156.25
72.25 160.0
75.0 158.5
85.5 161.0
102.75 166.0
75.0 161.75
75.25 163.5
79.25 165.0
91.25 166.5
74.75 162.5
75.25 164.5
79.0 166.25
87.75 167.25
74.5 165.0
73.5 169.25
76.0 173.0
81.25 172.5
91.75 171.0
