15.5 43.0 159.5 159.5
66.0 79.25
65.0 76.0
66.5 78.0
71.0 82.5
83.0 79.75
89.5 78.0
102.5 74.5
119.5 78.25
136.25 82.0
77.25 96.25
72.75 105.5
63.75 119.0
57.5 133.0
71.25 136.25
71.75 140.5
72.0 142.75
79.0 143.25
90.5 142.0
72.75 95.75
67.75 89.0
71.75 89.75
78.5 98.25
71.0 101.25
69.5 100.25
96.0 100.5
99.25 91.5
112.25 90.5
125.0 96.5
110.0 104.25
100.75 103.5
76.5 157.75
72.75 157.5
71.75 158.25
75.0 162.25
78.25 161.0
89.5 163.75
106.5 168.75
76.25 163.0
77.5 165.25
82.0 167.25
94.75 169.0
76.0 163.75
77.5 166.5
82.0 168.25
91.0 169.5
75.25 165.75
75.25 170.75
78.5 174.75
84.25 174.75
95.0 173.5
