18.0 43.5 162.5 162.5
64.5 82.25
61.25 79.75
61.0 83.5
63.5 87.75
72.75 86.75
78.75 86.25
92.5 83.25
113.5 88.75
126.75 92.5
68.25 98.0
65.75 107.0
60.75 121.5
56.25 136.5
72.75 133.75
71.75 139.5
70.75 142.25
77.25 142.5
87.0 140.5
73.0 96.25
68.0 90.25
71.75 90.25
77.5 96.25
73.75 100.5
71.75 100.0
94.0 101.25
95.0 95.25
103.75 97.5
114.5 103.25
104.25 108.5
97.25 106.5
76.0 159.5
71.5 156.25
70.0 155.75
72.0 159.5
74.5 158.5
82.5 162.25
95.5 170.75
75.25 160.5
75.5 161.5
78.75 163.25
87.5 166.75
75.0 161.25
75.5 162.5
78.5 164.25
84.75 166.5
74.75 163.5
74.25 166.5
76.25 169.0
80.25 170.0
87.5 170.75
