23.5 45.0 155.0 155.0
65.5 83.5
62.75 79.0
62.5 80.25
65.0 82.5
74.75 78.0
80.75 76.25
94.75 71.5
115.0 76.0
128.25 80.0
69.25 91.0
66.5 99.75
60.75 113.75
55.75 128.75
72.0 131.25
71.0 135.25
70.0 136.75
76.75 136.5
86.75 133.25
73.25 97.25
69.0 89.75
72.75 88.5
78.25 93.75
74.0 99.25
72.25 100.0
95.0 93.75
96.25 86.75
105.25 86.5
115.75 92.5
105.25 98.75
98.25 97.75
74.0 159.5
70.0 154.25
68.5 152.0
70.75 154.75
73.25 153.0
81.5 156.25
94.5 165.25
73.5 158.25
74.0 158.0
77.25 159.0
86.25 162.0
73.5 159.0
73.75 159.0
77.0 160.0
83.5 161.5
73.0 162.0
72.5 164.0
74.5 165.75
78.75 165.75
86.25 165.75
