22.0 49.5 161.0 161.0
66.25 75.25
66.0 70.25
69.0 71.5
73.5 74.25
89.25 71.0
97.0 70.25
114.25 67.75
135.25 75.0
146.75 81.0
79.5 83.75
76.0 92.0
69.0 106.0
62.5 120.75
72.75 125.5
73.75 129.5
74.25 130.75
82.25 131.25
94.25 129.0
72.75 90.5
71.0 82.25
77.0 81.5
83.0 87.5
76.25 92.75
72.5 93.25
106.25 90.0
110.0 83.0
121.75 84.0
131.0 91.5
119.25 96.25
110.5 94.5
70.25 155.0
68.5 149.0
69.5 146.5
73.0 149.5
76.75 148.0
86.0 152.25
99.0 162.25
72.5 153.75
74.5 153.5
79.25 154.5
89.5 158.25
72.25 154.5
74.25 154.5
79.0 155.5
86.5 157.75
70.75 157.5
71.75 159.5
75.0 161.25
80.75 161.75
89.25 162.5
