23.5 42.5 158.5 158.5
73.0 73.5
70.25 69.0
69.0 70.25
70.25 73.0
79.0 70.5
84.75 70.0
98.5 68.0
117.25 75.75
129.5 82.25
72.25 82.25
68.0 90.25
60.0 103.0
52.25 116.75
69.5 121.75
67.0 125.5
65.25 126.75
71.75 127.75
81.5 126.5
78.0 88.25
74.5 80.5
78.0 80.0
82.0 86.0
77.5 90.5
76.0 91.0
96.75 89.5
98.5 82.75
106.5 84.25
115.75 92.0
104.75 96.25
98.5 94.0
67.0 149.25
63.25 143.75
61.75 141.25
62.75 144.5
65.25 143.25
72.25 148.25
83.5 159.0
65.75 148.25
65.75 148.25
68.5 149.75
76.25 154.25
65.5 149.0
65.5 149.25
68.25 150.75
73.75 153.5
65.0 151.75
63.5 153.75
65.0 155.75
68.5 156.75
75.5 158.25
