21.0 47.5 169.5 169.5
78.5 68.0
77.0 62.25
76.25 62.25
77.5 64.25
87.75 61.0
93.75 60.75
108.0 59.75
125.75 69.5
137.0 77.5
78.75 72.5
73.25 79.5
63.5 90.75
53.75 103.0
69.0 112.75
66.5 115.25
64.75 115.75
71.25 117.5
81.75 117.0
81.5 83.25
79.5 74.25
83.25 73.5
86.75 79.75
81.25 84.25
79.25 85.0
102.0 82.5
105.25 75.75
113.5 77.25
121.5 86.0
110.0 89.0
103.5 86.75
61.75 140.75
59.25 133.75
58.5 130.25
59.5 133.0
62.5 132.0
69.0 137.25
78.75 149.75
61.5 138.5
61.75 138.0
64.5 139.25
72.0 144.5
61.0 139.25
61.25 138.75
64.0 140.25
69.5 143.5
59.75 142.25
58.5 143.5
59.75 145.0
63.75 146.25
70.75 148.25
