18.0 40.5 161.5 161.5
67.25 79.5
65.5 74.0
66.25 74.0
69.0 75.75
80.75 70.5
87.5 69.0
102.75 64.75
123.0 70.25
135.5 75.75
73.5 83.75
70.0 92.0
63.25 105.5
56.75 119.75
71.25 126.0
70.5 129.0
70.0 130.0
77.25 130.0
88.0 127.0
73.75 93.75
70.5 85.25
75.25 83.75
80.5 89.0
75.25 94.75
72.75 96.0
99.5 88.5
101.75 81.0
111.5 80.75
121.5 87.5
110.25 93.0
102.75 92.25
70.25 155.5
67.0 149.0
66.5 145.75
69.0 148.25
72.0 146.5
80.5 150.25
93.5 160.0
70.75 153.25
71.75 152.5
75.5 153.25
84.75 156.5
70.5 154.0
71.5 153.5
75.25 154.25
82.0 156.0
69.5 157.25
69.5 158.75
72.0 160.0
76.5 160.25
84.5 160.5
