18.0 48.0 157.0 157.0
61.25 82.0
59.75 77.75
62.0 79.0
66.75 81.5
78.5 77.25
83.5 77.0
97.5 73.5
116.75 78.0
136.75 81.0
73.25 89.5
69.75 99.0
62.25 113.25
54.75 129.0
70.0 132.0
71.0 136.5
71.25 139.0
78.5 138.25
89.25 136.25
72.75 95.0
68.25 88.5
73.5 87.75
80.25 93.5
75.5 98.0
72.75 98.0
99.5 95.5
100.75 88.5
109.75 88.25
122.0 94.0
110.75 100.0
103.5 99.0
72.0 157.75
68.25 153.25
68.25 152.25
71.5 155.5
75.25 154.25
84.5 158.0
97.75 166.5
71.75 158.25
73.0 159.0
78.0 160.5
88.75 163.75
71.75 159.0
72.75 160.0
77.75 161.5
85.75 163.5
71.0 161.5
70.25 164.25
73.5 167.0
79.75 167.25
88.75 167.75
