18.5 43.5 165.5 165.5
59.75 80.75
59.0 76.25
63.25 77.75
68.75 80.25
83.25 76.0
89.25 75.75
105.0 72.5
125.0 77.5
144.75 80.75
76.75 88.5
73.0 98.0
65.75 112.5
58.5 128.5
70.5 131.75
73.0 136.25
74.0 138.75
81.75 138.0
93.5 136.0
71.0 94.25
67.5 87.5
73.75 87.0
81.0 93.0
75.25 97.5
71.5 97.25
103.5 95.0
105.75 87.75
116.25 87.5
128.5 93.5
116.25 99.25
108.25 98.5
71.75 158.0
69.0 153.5
70.0 152.5
74.0 155.5
78.5 154.25
88.5 157.75
102.0 166.25
73.0 158.25
75.0 159.25
80.75 160.75
92.25 163.75
72.75 159.0
74.75 160.25
80.5 161.75
89.25 163.5
71.5 161.75
72.0 164.5
76.0 167.25
83.0 167.25
92.5 167.75
