13.5 30.5 159.5 159.5
75.0 67.0
74.5 61.5
76.0 61.25
79.25 63.5
90.75 59.75
95.25 60.25
109.0 59.0
125.0 67.25
143.25 75.75
82.5 71.5
76.25 78.75
64.5 89.0
52.25 101.0
66.5 112.75
65.75 115.5
64.75 116.75
71.75 117.75
82.5 118.0
81.75 82.75
79.25 74.0
84.0 73.75
88.5 80.5
82.75 84.5
80.5 84.5
105.0 83.75
108.0 76.5
116.0 77.0
126.0 85.75
113.75 89.0
107.5 87.25
60.5 138.75
58.0 132.25
58.0 129.75
59.75 132.75
63.75 132.25
71.25 137.5
81.0 149.75
59.75 137.5
60.25 137.5
64.25 139.5
73.25 145.0
59.25 138.0
59.75 138.5
63.75 140.25
70.5 144.0
58.0 140.75
56.25 142.0
58.0 144.75
63.75 146.0
72.0 148.75
