14.0 41.0 158.5 158.5
63.75 85.5
61.25 80.75
61.75 80.75
65.25 82.25
73.5 75.75
77.5 74.75
89.25 69.75
106.5 72.5
126.5 74.5
70.25 88.75
66.5 98.0
58.75 111.5
51.5 126.75
69.75 132.25
69.25 135.5
68.5 137.25
75.0 136.0
84.5 133.25
75.25 98.0
69.75 91.0
73.75 89.5
79.75 94.5
76.25 99.75
74.5 100.25
94.75 93.5
95.0 85.75
102.0 84.0
114.25 89.25
104.0 96.0
98.0 96.0
72.75 158.0
68.0 153.0
66.75 151.25
69.0 153.75
72.0 152.0
80.5 155.0
93.25 163.25
71.0 157.5
71.25 157.75
75.0 158.5
85.0 161.0
70.75 158.25
71.0 158.75
74.75 159.5
82.0 161.0
70.5 161.0
69.0 163.0
71.25 165.25
76.5 164.75
84.75 165.0
