24.0 31.0 153.0 153.0
54.5 91.25
53.25 88.5
57.75 91.25
63.75 94.25
77.5 91.0
83.5 91.0
98.5 87.0
119.5 89.75
139.75 89.5
73.25 102.75
71.5 113.25
67.0 129.25
62.75 146.5
75.0 142.75
78.25 148.25
79.5 151.75
87.0 150.25
98.25 147.5
68.25 102.0
63.75 97.5
69.75 97.25
78.25 102.25
73.25 106.5
69.5 106.0
101.0 105.0
101.75 98.5
112.25 98.75
125.5 102.5
114.5 109.5
106.25 108.5
80.75 166.25
77.5 163.75
78.25 164.0
82.75 167.5
86.75 166.25
97.0 168.5
111.25 174.5
82.0 168.0
84.25 169.75
90.0 171.25
101.5 173.0
82.0 168.75
84.25 170.75
90.0 172.25
98.5 173.25
81.25 171.0
82.0 174.75
86.5 177.75
93.25 177.75
102.5 177.0
