20.5 33.5 166.5 166.5
61.75 85.75
58.75 82.75
59.25 85.5
62.5 88.5
70.25 86.0
74.0 86.25
85.25 83.25
103.0 87.5
123.25 89.0
68.25 97.25
65.25 107.0
58.75 121.75
52.75 137.75
71.5 136.25
71.25 141.75
70.5 145.0
76.75 144.5
85.75 142.75
74.25 97.25
68.25 92.5
72.0 92.25
78.5 98.0
75.25 101.75
73.75 101.0
93.0 101.75
92.75 95.5
99.25 96.25
111.75 101.25
102.25 107.0
96.25 105.75
76.5 159.75
71.5 156.75
70.0 157.0
72.25 160.5
75.0 159.75
83.25 163.25
96.25 171.0
74.75 161.5
74.75 163.25
78.5 165.25
88.25 168.25
74.75 162.25
74.75 164.25
78.25 166.25
85.5 168.25
74.75 164.25
73.25 167.75
75.25 171.0
80.25 171.75
88.25 172.25
