20.5 36.5 154.0 154.0
57.5 86.0
56.75 81.0
61.25 81.25
67.25 82.75
81.75 76.25
87.75 75.5
103.5 70.25
123.75 73.5
143.75 75.25
75.75 90.0
73.0 99.5
66.5 114.0
60.5 130.25
72.25 135.0
75.0 138.5
76.5 140.25
84.25 138.75
96.25 135.5
69.5 98.75
65.75 91.75
72.25 90.25
80.0 95.5
74.25 100.75
70.5 101.25
103.0 94.25
104.75 86.5
115.5 85.0
128.0 90.0
116.5 97.0
108.25 97.0
75.0 161.5
72.0 156.75
73.25 155.0
77.75 157.5
82.25 155.5
92.75 158.0
107.0 165.5
76.5 161.25
78.75 161.5
85.0 162.0
96.75 164.0
76.25 162.0
78.5 162.5
84.75 163.0
93.5 164.0
75.25 165.0
76.0 167.0
80.25 169.25
87.75 168.5
97.25 168.0
