21.5 35.5 153.5 153.5
74.75 73.25
75.0 64.0
75.75 59.5
79.25 63.5
91.75 59.75
99.5 56.75
113.5 56.75
128.75 68.0
140.75 75.75
81.5 79.0
74.75 86.0
60.5 97.0
49.5 109.0
66.0 122.75
64.75 125.25
64.25 125.75
72.75 126.75
86.25 124.5
76.5 88.5
75.5 78.5
80.25 76.75
83.75 84.5
77.25 89.0
74.5 90.0
102.25 85.5
107.0 76.75
118.0 77.0
126.5 86.0
114.0 90.0
105.75 88.75
64.75 149.25
62.25 145.25
61.5 143.25
63.75 146.5
66.75 145.0
76.75 148.25
90.5 156.0
65.5 150.25
66.25 150.75
70.25 151.75
80.5 154.75
65.25 151.0
66.0 151.5
70.0 152.75
77.5 154.5
64.25 153.75
64.0 156.0
66.5 158.5
71.5 158.25
80.25 158.5
