18.0 42.5 162.0 162.0
70.25 80.5
68.75 71.75
68.25 67.75
71.5 71.75
82.5 67.25
89.25 63.25
102.75 61.5
119.25 70.75
132.5 76.75
75.5 87.25
69.5 95.5
57.0 108.75
47.75 122.25
67.5 131.75
65.75 135.25
65.0 136.0
73.25 136.0
85.75 132.25
74.0 95.25
71.25 85.75
75.25 84.0
79.5 91.25
74.25 96.5
72.25 97.25
96.75 91.0
99.75 81.75
110.25 81.25
119.75 88.75
108.0 94.5
100.25 94.0
70.25 157.5
66.75 154.5
65.25 153.25
67.75 156.0
70.25 154.5
79.75 156.5
94.25 162.5
70.5 159.0
71.0 159.5
74.5 160.5
84.75 162.25
70.25 159.75
70.75 160.5
74.5 161.5
81.75 162.5
69.75 162.25
69.75 165.0
72.0 167.25
76.5 166.75
85.0 166.0
