24.5 30.5 164.0 164.0
79.75 71.25
80.25 61.25
80.75 56.0
82.75 59.25
94.25 55.0
101.5 52.0
114.5 52.25
128.25 63.75
139.75 72.5
83.0 73.25
75.25 79.0
60.0 87.75
47.5 97.75
64.5 115.5
62.0 116.75
61.0 116.25
68.75 117.75
82.0 116.25
80.0 85.75
79.5 75.25
83.75 73.25
86.0 80.5
79.75 85.0
77.5 86.5
102.25 80.75
107.5 72.0
117.5 72.25
125.0 81.5
112.5 84.75
105.0 83.5
60.75 142.0
58.25 137.25
57.0 134.25
58.5 136.75
61.25 135.25
70.25 139.0
83.0 148.0
60.75 142.0
60.75 141.75
64.25 142.75
73.75 146.25
60.25 142.75
60.5 142.75
63.75 143.75
70.75 146.0
59.25 145.75
58.25 147.25
60.0 149.25
64.5 149.25
73.0 150.0
