17.0 42.5 166.0 166.0
68.75 88.25
64.25 81.0
61.5 78.5
63.75 83.25
70.5 79.25
75.0 75.0
86.5 72.25
103.0 79.5
117.25 83.25
68.5 99.0
63.5 108.25
52.75 123.75
45.75 138.25
70.0 140.75
67.25 145.75
65.25 147.75
72.25 147.0
82.5 142.5
74.5 102.0
69.25 94.25
71.5 92.75
75.75 100.0
72.75 104.75
72.25 105.0
88.0 100.0
88.75 91.25
97.0 90.5
107.25 96.75
97.25 103.75
90.75 103.25
77.25 164.0
72.5 162.5
69.25 162.75
71.0 165.75
72.5 164.5
81.0 165.75
95.0 170.0
76.0 166.5
75.5 168.0
78.0 169.0
87.0 170.0
76.0 167.25
75.5 169.0
78.0 170.0
84.5 170.5
76.5 169.5
75.5 172.75
77.25 175.25
80.5 175.0
87.5 173.75
