27.0 35.0 157.0 157.0
65.75 82.5
65.5 73.75
67.0 70.25
73.0 74.75
87.5 70.25
95.5 66.25
110.5 64.5
128.5 73.75
141.5 79.0
80.0 91.25
75.25 100.25
65.0 115.25
57.5 130.0
72.0 136.75
73.0 141.0
74.0 142.5
83.0 141.75
96.5 137.0
71.0 97.5
69.0 88.25
74.75 86.75
80.75 94.25
74.0 99.5
70.25 100.25
102.75 94.0
106.25 84.75
119.0 84.25
128.75 91.5
117.25 97.75
107.75 97.25
75.5 162.75
73.5 160.25
74.0 159.5
77.75 162.5
80.75 160.75
91.75 162.25
106.75 166.75
78.25 164.5
80.0 165.5
85.0 166.25
96.25 167.0
78.0 165.25
80.25 166.5
84.75 167.25
93.0 167.75
77.0 167.75
78.75 170.75
82.5 173.25
88.0 172.5
97.0 171.0
