19.5 45.5 160.5 160.5
63.25 88.75
61.0 82.25
60.75 80.75
66.5 86.5
78.75 83.75
85.5 80.0
100.0 77.5
119.0 85.5
133.0 88.75
74.75 103.75
71.0 114.0
62.0 131.25
56.25 147.25
73.75 145.5
74.5 151.75
74.75 154.5
83.0 153.75
95.0 148.75
70.25 103.0
66.25 95.75
71.0 95.0
77.5 102.75
72.0 107.25
69.5 106.75
97.25 104.5
99.25 96.0
111.0 96.0
121.75 102.0
110.75 109.0
102.0 108.5
80.75 168.0
78.0 167.5
77.5 168.75
80.75 172.25
83.25 170.75
93.5 171.75
108.25 174.75
82.75 171.5
84.0 173.5
88.25 174.75
98.75 175.25
82.5 172.25
84.0 174.25
88.25 175.5
95.75 175.75
82.25 174.0
83.5 178.0
86.75 180.75
91.5 180.5
99.75 178.75
