21.5 42.5 156.0 156.0
71.75 76.75
71.5 67.75
71.75 63.5
75.25 68.0
87.5 64.0
94.75 60.5
108.75 59.75
124.75 70.25
137.5 77.25
78.5 83.75
72.25 91.5
59.25 104.0
49.0 117.0
66.75 127.75
65.5 131.25
65.25 132.0
73.5 132.5
86.75 129.5
74.75 91.75
73.0 82.0
77.5 80.5
81.5 88.0
75.5 93.0
73.0 93.75
99.75 88.75
103.75 79.75
115.0 80.0
123.75 88.25
111.75 93.0
103.5 92.0
67.75 154.0
64.75 150.75
64.0 149.25
66.25 152.25
69.0 150.75
79.0 153.5
93.25 160.25
68.5 155.5
69.0 156.0
73.0 157.25
83.5 159.5
68.25 156.0
69.0 157.0
72.75 158.0
80.25 159.5
67.25 158.75
67.5 161.5
70.0 163.75
74.75 163.5
83.25 163.25
