16.0 40.5 165.5 165.5
68.5 81.5
67.25 72.5
67.5 68.5
72.0 72.5
84.25 67.75
91.5 63.75
105.5 61.75
122.75 71.0
136.0 76.75
77.0 88.25
71.5 96.75
59.75 110.5
51.0 124.5
69.0 133.25
68.25 137.0
68.25 137.75
76.75 137.5
89.75 133.25
72.75 96.25
70.25 86.75
75.0 84.75
79.75 92.25
73.75 97.5
71.25 98.25
98.75 91.5
102.25 82.25
113.5 81.5
123.25 89.0
111.5 95.0
103.0 94.5
72.0 159.25
69.0 156.25
68.25 155.0
71.25 158.0
74.0 156.25
84.25 158.25
99.0 163.5
73.25 160.75
74.25 161.5
78.25 162.25
89.0 163.5
73.0 161.5
74.0 162.5
78.25 163.25
86.0 164.0
72.25 164.25
72.75 166.75
75.75 169.0
80.75 168.5
89.25 167.5
