23.5 36.5 161.5 161.5
78.75 73.75
76.5 65.25
74.75 61.5
75.25 66.25
82.75 63.25
88.5 60.25
100.0 60.25
113.5 71.5
126.0 79.0
75.0 81.75
67.75 89.0
52.75 100.25
41.5 112.0
64.0 123.0
60.0 126.25
57.5 127.25
64.25 128.5
75.5 126.75
80.25 88.5
77.5 79.25
80.0 78.25
82.0 85.75
77.5 90.0
77.0 90.5
93.5 88.0
96.75 79.5
104.5 80.5
112.75 89.25
101.25 93.25
95.0 91.5
64.25 148.0
60.0 144.75
57.0 143.25
57.5 146.5
59.25 145.5
67.25 149.0
79.5 157.0
62.25 149.5
61.25 150.25
63.25 151.75
71.75 155.0
62.0 150.0
61.0 151.25
63.0 152.75
69.0 154.75
61.75 152.5
59.75 155.0
60.75 157.75
64.0 158.0
71.0 158.75
