23.5 30.5 167.5 167.5
74.0 75.75
73.0 67.0
72.5 63.0
75.0 67.25
85.75 63.5
92.5 60.0
105.75 59.5
121.0 70.25
133.75 77.25
77.25 83.0
70.5 90.5
56.5 102.5
46.0 115.0
65.5 126.0
63.25 129.25
62.0 130.25
70.0 130.75
82.5 128.25
76.5 90.75
74.25 81.25
78.25 79.75
81.5 87.25
76.0 92.0
74.25 92.5
97.5 88.25
101.5 79.5
111.5 79.75
120.0 88.25
108.25 92.75
100.5 91.75
66.0 152.0
62.75 148.5
61.0 147.0
62.75 150.25
65.25 148.75
74.5 151.75
88.25 159.0
65.75 153.25
66.0 154.0
69.25 155.25
79.0 157.75
65.75 154.0
65.75 155.0
69.0 156.25
76.0 157.75
65.0 156.75
64.25 159.25
66.25 161.75
70.5 161.75
78.75 161.75
