16.0 33.5 154.0 154.0
69.5 87.75
65.0 80.5
62.0 78.0
64.0 82.75
70.0 78.75
74.5 74.5
85.75 71.75
101.75 79.25
116.0 83.25
68.25 98.25
63.25 107.5
52.25 122.75
45.0 137.0
69.5 140.0
66.5 144.75
64.25 146.75
71.0 146.25
81.25 141.75
75.25 101.5
70.0 93.5
71.75 92.25
76.0 99.25
73.0 104.25
72.75 104.25
87.5 99.5
88.25 90.75
95.75 90.0
106.0 96.25
96.25 103.25
90.0 103.0
76.75 163.25
71.75 161.75
68.5 161.75
70.0 164.75
71.25 163.5
79.75 165.0
93.5 169.5
75.25 165.75
74.5 167.25
76.75 168.25
85.5 169.5
75.25 166.5
74.5 168.0
76.75 169.0
83.0 169.75
75.75 168.5
74.5 172.0
76.0 174.5
79.0 174.25
86.0 173.0
