18.0 31.0 159.0 159.0
76.25 76.5
75.75 67.5
75.75 62.5
77.75 63.75
90.25 56.5
98.75 52.5
112.75 51.0
127.25 60.5
140.25 68.0
79.5 73.75
73.5 79.5
61.75 88.0
51.75 99.75
68.75 116.0
66.25 116.75
65.25 116.25
72.75 116.5
85.25 114.0
78.0 90.5
76.0 79.75
79.25 77.0
82.25 83.25
76.25 88.5
74.75 90.75
99.25 80.75
104.75 71.25
116.5 70.0
126.0 78.5
111.75 82.75
103.0 82.5
64.25 144.25
61.5 137.5
60.5 133.0
62.25 135.0
66.25 132.75
75.75 136.75
89.25 146.75
62.25 142.5
62.25 141.5
66.25 141.75
78.25 145.25
61.5 143.5
61.5 142.5
65.5 143.0
74.5 145.0
59.75 147.25
57.25 148.0
59.0 149.75
65.25 149.25
76.75 149.75
