14.5 43.5 153.0 153.0
70.0 75.75
70.0 68.75
71.25 67.0
75.5 71.25
91.25 68.5
101.0 65.5
116.75 65.0
133.0 75.75
146.5 82.5
80.75 85.75
75.5 93.25
65.25 105.25
57.0 119.75
71.5 126.0
71.25 130.5
71.5 132.25
79.5 133.0
92.5 130.5
73.5 90.75
71.5 81.75
76.25 81.25
81.25 89.75
74.0 93.25
71.5 93.5
102.5 93.0
108.25 84.25
122.0 85.25
132.25 93.5
117.75 98.5
107.75 96.75
69.25 152.75
67.25 148.75
67.25 147.5
70.5 151.5
75.0 150.0
85.75 154.25
100.25 162.75
69.0 154.75
70.5 156.0
75.75 158.0
88.75 161.25
68.75 155.75
70.0 157.25
75.25 159.25
85.0 161.5
66.75 158.5
66.0 162.5
69.25 166.0
76.25 166.5
88.0 166.5
