23.0 38.5 169.5 169.5
78.5 70.5
78.25 62.5
78.5 59.0
80.5 62.0
93.75 58.25
102.75 55.75
117.25 56.25
131.25 68.0
143.75 76.75
82.0 74.5
75.5 80.5
63.0 89.5
52.25 101.5
68.5 114.75
66.25 117.0
65.25 117.5
72.5 119.0
85.25 117.75
79.25 85.25
77.75 75.0
81.5 73.75
84.0 81.5
77.5 85.25
76.0 86.25
101.25 83.75
107.5 75.25
119.5 76.5
128.5 86.0
113.75 89.0
105.0 87.0
62.75 141.5
60.25 136.0
59.5 133.0
61.25 136.25
65.25 135.0
74.5 140.0
87.25 151.25
60.75 141.5
61.0 141.75
65.0 143.5
76.75 148.25
60.25 142.5
60.25 142.75
64.25 144.75
73.0 147.75
58.25 145.5
55.75 147.5
57.25 150.5
63.5 151.5
75.0 153.0
