24.0 46.0 163.0 163.0
67.25 82.75
66.25 74.75
67.5 71.25
71.75 73.75
86.5 67.0
95.75 62.25
111.0 59.5
128.0 67.75
142.0 73.5
77.75 85.75
73.5 93.25
64.25 105.25
57.25 119.75
72.75 128.75
72.5 131.75
73.0 132.5
81.0 132.0
93.75 127.5
72.0 97.0
69.0 87.5
73.5 85.25
79.0 92.25
72.25 97.5
70.0 99.0
100.0 90.25
104.5 80.5
118.25 78.75
129.25 86.0
115.5 92.25
105.5 92.5
73.0 157.0
70.25 152.0
70.25 149.25
73.75 152.0
78.0 149.5
89.0 152.25
104.5 159.75
72.75 157.5
74.0 157.5
79.5 158.0
93.0 159.75
72.25 158.25
73.75 158.75
79.0 159.5
89.25 160.25
70.75 162.0
70.25 164.5
73.75 167.0
80.75 166.25
92.75 164.75
