15.0 40.5 155.0 155.0
70.75 75.75
69.25 70.5
69.5 69.75
72.25 71.25
82.75 64.75
88.25 64.25
102.0 60.0
116.75 63.25
134.5 71.0
74.75 76.5
69.0 83.0
57.75 94.25
47.75 106.75
67.0 119.25
63.75 121.0
62.5 121.25
70.25 121.5
83.5 119.0
77.5 90.75
74.25 81.25
78.75 79.75
84.0 85.25
77.75 90.75
75.5 92.25
99.25 83.75
101.5 76.0
110.0 74.75
119.5 82.5
107.75 87.5
101.5 86.75
65.75 146.5
61.5 141.0
59.75 138.0
61.5 140.75
64.5 139.0
75.0 142.25
90.75 151.5
63.75 145.25
63.5 145.0
67.5 146.0
79.25 149.0
63.5 146.0
63.25 146.0
67.0 146.75
75.5 148.5
62.75 149.0
60.5 150.5
62.0 152.25
67.5 152.25
78.25 152.5
