24.0 41.0 168.0 168.0
75.75 69.5
74.25 64.5
74.0 64.5
76.0 67.0
86.25 62.75
91.5 63.0
104.75 60.75
119.0 66.25
136.0 75.75
77.5 73.0
71.0 79.5
58.5 89.75
47.25 101.5
66.5 114.0
62.5 116.0
60.75 116.75
68.0 118.0
81.25 117.25
80.75 85.0
78.0 75.75
82.25 75.25
87.0 81.5
80.25 86.0
78.5 86.75
100.75 83.0
103.75 76.0
111.5 76.25
120.0 85.25
108.0 88.75
102.5 86.75
63.0 140.0
59.0 134.75
56.75 132.25
58.0 135.75
61.0 134.5
70.5 139.25
84.75 150.0
60.5 139.5
60.0 139.75
63.25 141.5
74.0 146.0
60.0 140.0
59.5 140.75
62.75 142.25
70.5 145.25
59.25 142.75
56.5 144.75
57.5 146.75
62.5 147.75
72.75 149.5
