16.0 33.0 159.0 159.0
61.25 85.75
59.25 82.25
61.25 83.75
65.5 86.5
77.5 81.25
83.75 80.75
97.75 75.5
114.5 77.0
133.75 81.0
71.0 93.25
67.25 102.0
59.5 117.0
53.25 132.5
71.5 134.5
70.25 139.25
70.25 141.5
78.25 140.5
91.25 135.75
71.5 99.25
66.75 91.75
72.25 90.75
79.5 96.0
73.5 101.75
70.75 102.0
97.25 95.75
98.75 88.5
108.75 88.0
119.75 94.0
108.75 100.5
101.25 99.5
75.25 159.0
71.0 156.75
70.0 156.25
73.75 159.75
76.75 158.25
88.25 160.0
105.75 165.5
74.75 161.0
75.75 162.5
80.75 163.5
93.5 164.75
74.75 161.75
75.75 163.25
80.5 164.5
89.75 165.0
74.25 164.0
73.75 167.75
76.5 170.25
82.75 170.0
93.75 168.5
