18.5 39.0 161.0 161.0
68.25 70.75
69.0 66.0
73.25 66.5
78.5 69.25
95.75 65.25
103.0 65.75
120.0 63.5
136.25 68.5
152.75 77.5
84.5 76.25
79.25 83.25
69.0 95.25
59.5 108.75
70.75 119.25
71.0 122.25
72.25 123.5
80.75 124.25
95.75 122.25
74.25 87.0
73.5 77.75
80.75 77.25
87.5 83.75
78.75 88.5
74.25 89.0
109.75 85.5
114.0 78.25
126.0 78.75
135.25 87.25
122.5 91.5
113.75 89.5
65.75 146.75
64.25 142.0
65.75 140.0
70.0 143.5
74.5 142.0
87.0 146.0
103.25 155.5
67.75 146.75
70.25 147.5
76.25 149.0
90.25 152.5
67.5 147.5
70.0 148.5
75.75 150.0
86.0 152.25
65.5 150.25
66.25 153.0
70.0 155.25
77.5 155.75
89.75 156.5
