21.5 32.5 159.5 159.5
64.0 79.25
62.75 75.5
65.0 77.25
69.0 80.0
82.25 75.75
88.75 75.75
103.75 71.75
120.25 75.0
139.0 81.0
74.25 87.25
69.75 95.5
60.75 109.75
53.0 124.5
69.75 129.0
68.75 133.5
68.75 135.5
76.75 135.25
90.5 131.75
72.75 94.0
69.0 86.0
74.75 85.5
81.75 91.25
75.0 96.5
71.75 96.75
100.5 92.5
102.75 85.25
113.0 85.5
123.5 92.75
111.75 98.25
104.0 96.5
71.0 154.25
67.25 151.25
66.5 150.5
70.0 154.25
73.5 152.75
85.0 155.75
102.0 163.0
70.75 155.75
71.75 157.25
76.75 158.75
89.75 161.0
70.5 156.5
71.5 158.25
76.5 159.5
85.75 161.0
69.5 158.75
69.0 162.5
71.75 165.0
78.25 165.5
89.5 165.0
