23.5 47.0 165.5 165.5
71.0 75.0
69.75 69.75
70.25 68.75
73.0 70.25
84.25 63.75
89.75 63.25
103.75 59.25
118.5 62.5
136.25 70.5
75.75 75.5
70.0 82.0
58.75 92.75
48.5 105.25
67.0 118.25
64.0 119.75
63.0 120.0
70.75 120.5
84.25 118.0
77.5 90.25
74.5 80.75
79.25 79.25
84.5 84.5
78.0 90.0
75.75 91.5
100.25 83.0
102.75 75.25
111.5 74.0
120.75 82.0
109.0 86.75
102.5 86.0
65.25 145.75
61.25 140.25
59.75 137.0
61.75 139.75
64.75 137.75
75.5 141.0
91.25 150.75
63.5 144.5
63.5 144.25
67.5 145.0
79.5 148.0
63.25 145.0
63.25 145.0
67.0 145.75
75.75 147.75
62.25 148.25
60.25 149.5
62.0 151.25
67.75 151.25
78.5 151.5
