15.5 40.5 168.5 168.5
65.75 78.75
64.0 74.75
65.0 76.0
68.5 78.75
79.75 74.0
85.75 73.75
99.75 69.75
115.5 72.75
134.25 79.0
72.5 85.5
67.5 93.25
57.75 106.75
49.5 121.25
68.5 127.0
66.25 131.0
65.5 132.75
73.5 132.5
86.5 129.5
74.25 93.5
70.25 85.25
75.25 84.5
81.5 90.25
75.25 95.5
73.0 96.0
98.0 91.0
100.0 83.75
109.0 83.75
119.5 90.75
108.0 96.25
101.0 94.75
70.0 152.5
65.5 149.0
64.0 148.0
66.75 151.5
69.75 150.0
80.75 153.0
97.25 160.75
68.5 153.5
69.0 154.75
73.25 156.0
85.5 158.75
68.25 154.25
68.75 155.75
72.75 157.0
81.75 158.5
67.75 156.75
66.25 160.0
68.5 162.5
74.25 162.75
85.0 162.5
