13.5 44.5 153.5 153.5
62.25 90.25
58.5 88.0
58.25 91.0
60.75 94.0
68.0 90.25
72.75 89.75
84.0 84.5
99.0 85.25
118.75 87.5
64.75 101.25
61.5 110.25
54.75 125.75
49.75 141.25
72.25 139.0
69.5 144.75
68.0 147.5
75.0 146.5
86.25 141.75
73.5 102.25
67.0 96.5
70.5 96.0
77.25 100.75
73.25 106.0
72.0 105.75
90.0 101.75
89.5 95.25
96.5 95.5
108.0 100.5
98.75 107.25
93.0 106.0
80.0 160.75
74.25 159.5
71.25 160.5
73.5 164.25
75.5 163.0
85.5 164.75
102.25 169.5
77.25 163.75
76.75 166.0
80.25 167.5
91.5 168.75
77.25 164.5
76.75 167.0
80.25 168.5
88.0 169.25
77.75 166.25
75.75 171.0
77.5 173.75
82.25 174.0
91.75 172.5
