18.0 42.5 160.0 160.0
62.0 76.5
61.75 72.0
65.5 72.0
72.5 77.75
88.25 75.75
95.5 72.25
111.5 70.0
130.0 75.5
147.0 81.75
82.5 94.5
79.5 103.75
72.5 117.5
66.0 134.0
74.0 135.25
77.0 140.25
79.25 142.75
87.75 142.75
101.0 140.75
70.25 93.25
67.5 86.5
74.0 86.75
81.5 95.5
74.0 98.5
69.75 97.5
103.75 98.5
107.5 89.25
121.5 88.5
133.25 94.5
120.0 102.0
110.25 101.5
75.25 158.25
74.75 156.0
75.75 155.75
80.25 159.75
84.75 158.5
94.0 161.25
107.0 168.0
78.25 160.25
80.5 161.5
86.5 163.25
97.5 166.0
78.0 161.0
80.5 162.5
86.25 164.0
94.25 166.0
76.25 163.25
77.5 166.0
82.0 169.0
88.5 169.5
97.75 170.0
