25.5 35.0 168.5 168.5
61.0 81.5
59.0 77.5
60.5 77.75
66.25 83.25
78.25 81.0
83.75 77.25
97.75 74.25
115.75 78.5
134.25 83.0
76.0 99.25
73.25 108.5
67.0 122.5
61.25 138.75
74.0 138.25
75.25 143.5
76.25 146.25
83.75 146.0
95.75 143.5
70.75 96.75
66.0 91.0
70.75 91.25
78.0 99.5
72.25 102.5
69.5 101.25
96.25 101.75
98.0 92.75
109.75 91.75
122.25 96.5
110.0 105.0
101.5 104.75
77.75 160.25
75.5 158.25
75.0 158.5
78.5 162.5
82.0 161.25
90.75 163.75
103.5 169.75
78.75 162.5
80.0 164.0
84.75 165.75
94.75 168.0
78.75 163.25
79.75 164.75
84.5 166.5
91.75 168.0
77.75 165.25
77.75 168.25
81.25 171.25
86.75 171.5
95.0 172.0
