24.0 34.0 163.5 163.5
72.75 71.5
70.0 66.5
69.0 65.5
71.0 70.5
79.0 68.25
83.5 64.75
95.0 63.0
110.0 69.5
127.0 77.5
75.25 86.25
70.75 94.25
61.25 105.75
52.25 119.75
69.5 125.5
67.25 129.25
65.75 131.25
72.25 132.0
82.5 131.25
78.75 88.0
74.0 80.5
76.5 80.5
80.5 89.0
76.5 91.75
75.5 91.25
92.5 91.75
94.5 82.75
103.5 82.25
114.75 89.25
102.0 95.5
95.5 94.75
68.75 148.0
66.0 144.75
63.5 143.75
64.75 147.25
67.5 146.5
74.25 150.25
84.5 159.0
67.5 149.25
66.75 150.0
69.75 151.75
77.75 156.0
67.0 149.75
66.5 150.75
69.25 152.5
75.0 155.5
66.5 152.0
64.25 154.0
65.75 156.75
69.75 157.75
76.75 159.5
