22.0 39.5 156.0 156.0
60.5 83.0
57.75 80.0
58.5 81.75
63.75 88.0
74.25 87.25
79.25 84.0
92.5 81.5
110.25 85.75
129.0 89.5
73.75 104.0
71.5 113.5
65.5 127.75
60.5 143.75
74.75 140.25
75.5 146.25
76.0 149.75
83.0 149.5
94.25 147.75
71.0 97.75
65.5 93.0
69.5 94.0
76.75 102.5
72.0 104.5
69.5 102.75
93.5 106.5
94.25 98.25
105.25 98.25
118.0 102.5
106.5 110.75
98.25 110.0
79.5 160.75
77.0 159.75
75.75 160.75
78.75 165.0
82.0 164.25
90.25 166.75
102.75 172.75
80.0 164.0
80.75 166.0
85.0 168.0
94.75 170.75
79.75 164.5
80.5 166.75
84.75 168.75
91.75 170.75
79.25 166.25
79.0 169.75
82.0 173.0
87.0 174.0
95.0 174.5
