15.5 47.5 158.0 158.0
71.75 71.25
70.25 65.0
71.0 62.75
74.5 66.75
85.25 62.75
91.0 59.0
104.25 56.5
120.0 62.5
136.75 71.0
79.5 81.75
74.75 89.5
65.0 100.5
55.25 114.0
69.0 123.5
68.25 126.0
68.0 127.0
75.25 127.5
87.25 126.25
77.0 88.0
73.75 79.25
77.5 78.5
82.25 86.5
76.75 90.25
74.75 90.5
97.75 87.25
101.25 77.25
112.0 75.75
123.0 83.25
109.75 89.25
101.75 89.25
67.25 147.25
65.25 143.0
64.0 140.75
66.0 143.75
69.75 142.5
77.5 146.0
88.5 154.75
67.25 147.25
67.5 147.25
71.5 148.5
80.5 152.25
66.75 147.75
67.25 148.0
71.0 149.25
77.75 151.75
65.5 150.5
64.25 151.5
66.75 153.75
71.75 154.25
79.75 155.75
