19.0 45.5 161.0 161.0
72.75 72.75
71.25 66.0
72.0 62.5
75.25 65.5
85.5 59.75
91.25 55.25
104.25 52.0
119.5 57.25
136.0 65.25
79.75 79.25
74.75 86.5
65.0 96.5
55.0 109.5
68.75 122.0
68.0 123.0
67.5 123.25
74.75 123.25
86.5 121.25
77.75 89.25
74.5 80.0
78.25 78.25
82.5 85.75
77.0 90.0
75.25 91.0
97.75 83.75
101.0 73.75
111.5 71.0
122.5 78.0
109.25 84.25
101.5 85.0
66.5 146.0
64.5 141.0
63.25 137.75
65.25 140.0
69.0 138.25
76.5 141.5
87.5 150.0
66.25 145.0
66.5 144.0
70.5 144.75
79.5 148.0
66.0 145.5
66.25 144.75
70.0 145.5
76.5 147.5
64.5 148.5
63.25 148.75
65.5 150.25
70.5 150.25
78.75 151.5
