26.0 39.0 163.5 163.5
67.0 78.5
64.25 73.5
63.75 72.25
67.0 76.5
75.75 72.5
80.25 68.25
92.25 64.75
108.5 69.0
126.5 74.75
73.75 91.5
70.0 100.0
62.25 112.5
54.75 127.25
71.25 132.25
70.25 135.75
69.5 137.5
76.25 137.25
87.0 135.0
75.0 94.25
69.75 87.0
72.75 86.5
78.25 94.25
74.0 97.75
72.5 97.75
92.0 94.5
93.25 84.75
103.0 82.75
115.0 88.5
103.0 96.25
95.75 96.75
73.25 155.0
70.25 151.75
68.25 150.75
70.25 154.0
73.25 152.5
80.75 155.25
92.5 162.75
72.5 156.0
72.25 156.5
75.75 157.75
84.75 160.75
72.25 156.75
72.0 157.25
75.5 158.5
82.0 160.5
71.5 159.0
70.25 161.0
72.25 163.25
76.75 163.75
84.5 164.5
