18.5 33.0 165.0 165.0
69.0 75.25
65.5 71.0
64.5 71.0
67.25 76.5
74.75 74.75
79.0 71.5
90.25 69.25
105.75 75.25
123.75 81.75
73.0 92.5
69.25 101.0
61.0 113.5
53.25 128.25
71.0 130.75
69.0 135.25
68.0 137.75
74.25 138.25
84.25 137.5
76.5 91.25
71.0 84.5
73.5 85.0
78.5 93.5
74.75 96.25
73.75 95.0
90.5 97.0
91.75 88.0
100.5 87.75
112.5 94.0
100.5 101.0
93.75 100.0
72.5 152.5
69.25 150.0
66.75 149.75
68.25 153.75
71.0 153.0
78.0 156.5
89.0 164.25
71.25 154.5
70.5 155.75
73.5 157.75
82.0 161.5
71.0 155.0
70.25 156.5
73.25 158.5
79.25 161.0
70.5 157.0
68.5 159.5
70.25 162.75
74.25 163.75
81.5 165.25
