24.5 30.5 166.5 166.5
62.75 91.5
59.5 88.0
60.25 89.75
62.75 92.0
70.25 87.0
74.75 86.0
87.5 81.25
104.5 84.5
121.5 86.5
67.5 101.25
65.5 111.0
61.0 125.75
57.5 141.0
75.0 140.75
74.0 144.75
72.75 147.0
79.25 145.75
89.25 142.75
71.25 103.25
66.25 97.5
69.75 96.5
76.0 102.25
72.5 106.5
70.75 106.5
90.75 102.75
91.0 94.75
99.0 94.5
110.75 99.0
101.25 105.75
94.5 105.5
79.0 166.25
75.25 164.25
74.0 163.25
76.25 166.5
78.5 164.75
86.25 167.5
99.5 173.25
78.75 168.75
79.0 170.0
82.5 171.0
91.5 172.5
78.5 169.5
79.0 171.0
82.25 172.5
89.0 173.0
78.0 172.0
77.25 176.5
79.5 179.25
84.0 179.0
92.0 176.75
