15.0 39.0 160.5 160.5
66.25 82.25
64.0 78.0
65.0 79.25
67.5 81.5
76.5 77.0
81.5 76.5
95.25 73.0
111.75 78.5
128.5 83.25
71.0 91.0
67.5 100.25
61.0 114.0
54.75 128.75
71.5 132.5
70.25 135.75
69.0 137.5
75.75 137.25
86.25 135.5
73.0 95.5
69.0 88.5
73.25 87.75
78.75 94.25
74.25 98.25
72.0 98.25
94.25 95.75
96.0 87.75
104.5 88.0
115.25 94.25
104.75 100.0
97.75 98.75
71.0 159.0
68.0 156.0
67.0 154.25
69.25 157.75
72.0 156.25
79.5 159.75
92.0 167.5
70.75 160.75
71.25 161.75
74.75 163.25
83.75 165.75
70.5 161.75
71.0 163.0
74.25 164.5
81.25 166.0
69.5 164.25
68.5 168.25
70.25 171.25
75.25 171.5
83.75 170.25
