16.5 39.0 159.5 159.5
63.25 84.25
62.5 78.75
66.0 79.0
70.25 80.5
82.75 74.0
88.75 73.0
104.5 68.75
122.5 73.25
138.75 77.75
76.25 89.0
73.0 98.25
67.0 112.5
61.5 127.75
74.0 133.5
75.0 136.0
75.0 137.0
82.5 136.25
94.25 133.5
70.25 97.5
67.75 89.75
73.5 88.0
80.0 94.25
74.0 99.0
70.5 100.0
100.25 93.25
103.0 84.75
113.75 83.75
124.75 89.75
113.75 95.75
105.25 95.75
73.25 161.75
71.5 158.0
72.25 155.5
75.75 158.5
79.25 156.25
88.0 159.0
101.75 166.0
75.25 162.75
77.0 163.0
81.75 163.75
92.25 165.25
75.0 163.5
76.75 164.25
81.5 165.25
89.25 165.75
73.25 166.75
73.75 170.25
77.0 172.75
83.0 172.0
92.5 170.0
