25.5 41.5 153.0 153.0
73.25 73.25
73.0 66.75
74.5 65.75
77.25 66.75
88.5 61.0
93.75 60.75
108.75 58.5
124.25 65.75
139.25 73.5
79.75 74.75
74.25 82.5
64.75 93.75
55.5 106.5
69.25 118.75
68.25 119.5
67.0 119.75
74.25 120.25
85.75 119.75
77.0 87.0
75.5 78.0
80.25 76.75
84.5 83.25
78.5 87.5
75.75 88.5
101.25 83.5
105.25 75.25
114.5 75.0
123.75 83.0
112.0 87.0
104.75 86.0
62.0 146.5
60.5 141.25
60.75 137.5
62.5 140.5
66.0 138.5
73.25 143.0
84.75 153.0
62.25 146.25
63.25 146.0
67.0 147.0
76.25 150.5
62.0 147.0
62.75 147.0
66.25 148.25
73.25 150.25
60.0 150.0
58.5 152.5
60.25 154.75
65.75 155.0
75.0 154.75
