23.0 41.0 166.5 166.5
73.0 69.0
74.25 63.25
78.25 63.0
82.25 65.0
96.75 61.0
102.75 61.25
119.5 60.75
135.5 69.5
149.75 78.25
86.0 74.0
80.5 81.75
71.0 93.5
61.5 106.25
71.0 117.75
71.75 119.25
71.75 119.75
79.5 121.0
91.75 121.25
76.25 83.75
76.25 75.0
82.5 74.5
87.25 81.75
80.0 85.25
76.0 85.75
108.0 84.5
113.0 76.5
124.25 77.75
133.0 86.25
120.75 89.5
112.25 87.75
62.25 145.5
62.0 140.5
63.75 137.5
66.5 141.0
70.75 139.5
78.75 144.25
90.5 154.75
64.25 146.0
66.25 146.25
71.0 148.0
81.25 152.0
63.75 146.75
65.75 147.5
70.25 149.25
78.0 151.5
61.25 149.75
61.0 152.75
63.75 155.5
70.25 156.25
80.25 156.25
