15.5 33.0 161.5 161.5
73.5 71.5
74.5 64.75
77.75 62.75
81.25 63.25
94.75 57.0
100.5 56.75
116.5 54.75
132.25 62.25
146.5 70.5
84.5 70.5
79.0 77.75
69.5 88.25
60.0 100.25
70.5 115.25
70.75 115.25
70.25 114.75
77.75 115.5
90.0 115.25
76.75 85.75
76.25 76.0
82.25 74.5
86.75 80.75
79.75 85.25
76.25 86.5
106.25 80.25
111.0 72.0
121.5 71.25
130.5 79.5
118.25 83.25
110.25 82.5
61.5 143.75
61.0 137.5
62.5 133.25
65.0 135.75
69.0 133.75
77.0 138.0
88.75 148.5
63.25 142.5
65.0 142.0
69.5 142.75
79.5 146.0
62.75 143.5
64.25 143.0
68.75 144.0
76.25 145.75
60.0 146.75
59.5 148.5
62.0 150.5
68.25 150.5
78.25 150.25
