13.5 35.5 155.5 155.5
77.0 70.0
78.0 63.25
80.0 59.5
82.5 63.75
94.5 59.25
101.25 55.25
114.0 53.0
128.75 60.5
142.25 67.5
83.5 78.5
78.75 86.0
69.75 95.75
60.25 107.0
66.25 120.5
66.75 121.5
67.5 121.5
73.75 122.5
84.75 121.5
78.0 86.0
76.5 75.75
80.25 74.25
83.5 83.5
76.25 86.5
74.75 87.5
100.75 83.0
105.25 72.0
117.25 70.0
127.25 78.75
112.25 83.75
104.0 84.0
60.25 145.5
59.25 139.5
59.25 135.75
60.75 138.0
64.25 136.5
71.75 141.0
83.25 151.0
61.5 144.5
62.25 143.75
65.75 144.75
74.75 148.5
61.0 145.25
61.75 144.75
65.0 146.0
71.75 148.25
59.25 148.75
58.5 150.0
60.25 152.5
65.0 152.25
73.75 152.75
