22.0 41.0 165.5 165.5
63.75 81.5
63.5 76.5
65.75 75.25
71.0 81.5
84.25 78.5
90.75 74.25
104.0 70.75
122.0 76.5
137.5 80.25
78.5 99.25
76.5 108.5
71.25 122.0
66.25 136.75
73.0 141.25
75.25 145.0
77.0 146.5
83.75 146.75
94.75 144.25
69.5 97.0
66.0 89.25
70.5 89.5
77.5 99.25
70.25 102.0
68.0 101.25
97.75 101.0
99.75 90.0
112.75 88.0
125.25 94.25
111.25 102.75
102.5 103.0
74.5 164.75
72.75 161.5
72.75 160.75
75.75 163.75
79.0 162.5
88.0 165.5
102.0 172.0
76.75 166.5
78.25 167.25
82.5 168.5
92.5 170.75
76.75 167.25
78.25 168.25
82.25 169.75
89.75 171.0
75.75 170.0
76.5 173.5
79.5 176.5
84.5 176.0
93.0 175.0
