13.5 38.0 169.5 169.5
69.0 81.5
67.5 75.75
67.25 73.5
70.0 78.25
78.75 74.0
83.5 69.25
94.5 65.0
110.0 69.75
125.0 73.5
74.0 94.5
71.25 103.25
65.0 115.75
58.75 129.25
70.0 136.75
69.75 139.25
69.75 140.25
75.5 140.5
84.75 137.75
74.0 96.5
69.25 88.25
71.75 87.5
76.75 96.25
71.5 99.75
71.0 99.75
90.75 95.75
92.0 84.5
101.75 81.5
113.75 88.0
100.5 96.25
93.75 97.0
71.25 160.75
68.0 156.5
66.25 154.5
67.75 157.25
70.25 155.75
77.75 159.0
90.5 166.25
71.0 161.25
71.0 161.5
74.0 162.5
82.75 164.75
71.0 162.0
70.75 162.5
73.75 163.5
80.0 165.0
70.5 165.25
69.25 167.75
71.0 170.5
75.0 169.75
82.75 169.25
