17.5 32.5 168.0 168.0
74.25 69.25
76.5 62.25
80.25 58.5
84.75 62.5
100.0 58.25
107.75 54.5
122.0 52.5
138.0 60.0
151.5 67.25
88.0 77.75
83.75 85.0
75.25 95.0
66.5 106.25
68.75 120.75
71.25 121.75
73.25 121.25
80.5 122.5
93.0 121.0
75.0 85.75
75.0 75.0
80.25 73.5
84.75 82.75
76.0 86.0
73.0 87.0
106.75 82.5
112.25 71.25
126.25 69.25
136.25 78.25
121.25 83.0
111.5 83.25
62.25 146.75
62.25 140.25
64.0 136.25
67.0 138.5
71.0 136.75
80.0 141.25
92.25 151.5
65.5 145.5
67.5 144.5
72.0 145.5
82.5 149.0
65.0 146.25
67.25 145.75
71.5 146.5
79.25 148.75
62.75 150.0
63.5 151.25
66.25 153.5
72.25 153.0
81.75 153.5
