21.5 39.0 157.5 157.5
74.5 67.25
77.0 60.5
81.5 57.5
86.0 62.5
102.25 59.75
110.25 56.25
125.0 55.25
141.0 63.75
154.5 71.5
89.5 79.0
85.25 86.5
76.75 97.0
68.0 108.75
69.0 121.5
72.0 123.25
74.5 123.5
81.5 124.75
94.25 124.0
75.0 83.75
75.25 73.5
81.0 72.75
85.75 82.75
76.5 85.25
73.25 85.75
108.5 84.5
114.25 73.5
128.75 72.75
138.75 82.25
123.5 86.5
113.5 86.0
62.5 147.0
62.75 141.25
64.75 138.0
68.0 140.5
72.25 139.25
81.0 144.25
93.25 154.5
66.0 146.75
68.25 146.25
73.0 147.5
83.5 151.75
65.5 147.5
67.75 147.5
72.5 148.75
80.25 151.25
63.0 151.0
64.0 152.75
67.0 155.5
73.0 155.5
82.75 156.25
