15.0 31.0 156.5 156.5
67.75 77.75
68.0 71.5
70.0 69.0
74.25 74.0
87.0 69.75
93.5 65.25
106.5 61.5
123.5 67.5
138.5 72.25
79.5 90.5
76.5 99.25
69.75 111.5
63.25 125.0
70.0 134.0
71.75 136.5
73.0 137.0
79.75 137.5
90.75 135.0
71.75 93.75
69.0 84.5
73.25 83.75
78.75 93.0
71.75 96.5
69.75 96.75
98.0 92.75
101.0 81.25
113.5 78.75
125.25 85.75
111.0 93.25
102.25 94.0
69.25 159.25
67.5 154.5
67.5 152.0
70.0 154.75
73.5 153.0
82.25 156.5
95.5 164.25
71.0 159.25
72.25 159.25
76.25 160.25
86.25 162.75
70.75 160.25
72.0 160.5
76.0 161.5
83.25 163.0
69.5 163.5
69.75 166.0
72.5 168.5
77.5 168.0
86.25 167.25
