27.0 40.5 162.0 162.0
72.0 71.75
74.5 64.25
78.5 60.25
83.25 63.75
98.75 58.5
106.5 54.25
120.75 51.5
137.25 58.25
151.0 65.0
87.5 78.5
83.75 85.75
75.75 95.75
67.75 107.5
69.5 122.5
72.5 123.0
75.0 122.25
82.0 123.0
94.75 121.0
73.5 88.0
73.25 77.0
79.0 75.25
84.0 84.25
75.0 87.75
71.75 89.25
106.5 82.25
111.5 70.75
125.75 68.0
136.25 76.5
121.5 81.75
111.75 82.75
64.0 149.0
64.25 142.25
66.0 137.75
69.25 139.75
73.5 137.75
82.5 141.75
95.5 151.25
67.5 147.25
70.0 146.0
74.75 146.5
85.5 149.75
67.25 148.0
69.5 147.0
74.25 147.75
82.25 149.5
65.0 152.0
66.0 153.0
69.25 155.0
75.25 154.25
85.0 154.0
