16.0 43.5 152.5 152.5
79.75 67.5
80.25 59.5
80.5 56.0
82.0 59.5
92.5 56.25
99.25 52.75
111.25 52.25
125.0 62.25
136.75 72.75
82.25 72.25
75.5 78.5
63.75 87.5
51.75 98.25
64.75 112.75
62.0 112.0
60.5 111.25
66.75 113.5
78.0 116.75
80.5 83.25
79.75 73.75
83.0 72.5
84.75 79.75
79.5 82.75
77.75 84.0
98.5 80.75
103.5 72.25
111.75 72.5
119.75 81.25
106.75 83.75
100.75 82.5
58.25 138.25
54.5 131.25
52.25 126.75
52.5 129.5
55.75 128.0
63.0 134.25
74.25 146.75
55.5 137.0
54.25 136.0
57.0 137.5
66.0 143.0
55.25 138.0
53.75 137.25
56.5 138.75
63.0 142.25
54.5 142.0
50.75 142.75
51.5 145.5
56.0 145.75
64.5 148.0
