24.0 46.0 169.0 169.0
73.5 72.0
73.75 64.25
74.5 60.5
77.25 64.0
89.0 60.0
96.25 55.75
109.0 54.25
124.25 63.0
137.25 72.5
79.75 76.75
73.75 84.0
63.25 94.5
52.75 106.5
65.75 119.75
63.5 119.25
62.75 118.75
69.5 120.5
82.0 122.25
76.25 87.75
74.75 78.25
78.75 76.75
81.5 84.0
76.0 87.75
74.0 89.0
98.0 83.75
102.25 75.0
111.75 74.25
120.5 82.5
107.75 86.25
101.0 85.5
61.75 146.0
57.5 139.25
55.5 135.25
56.75 138.0
60.5 136.25
69.0 141.5
81.75 152.75
59.75 145.25
59.0 144.25
62.5 145.5
72.5 150.25
59.25 146.0
58.5 145.5
62.0 146.75
69.5 149.75
58.75 150.25
56.0 151.75
57.5 154.25
62.75 154.25
71.75 155.25
