15.0 35.5 161.5 161.5
65.0 79.5
64.25 72.5
65.5 70.25
70.0 75.0
83.25 71.75
90.5 67.5
104.0 65.0
122.0 72.75
136.25 80.25
76.25 89.5
72.0 98.25
64.0 111.5
56.25 126.25
69.0 132.5
68.25 134.75
68.0 135.5
75.5 136.25
88.75 136.75
70.75 95.0
68.25 86.75
72.75 85.75
77.5 93.5
72.0 97.0
69.5 97.5
96.5 94.5
99.75 85.5
110.5 85.25
121.0 92.25
108.5 97.75
100.75 97.0
69.75 158.25
65.25 153.75
63.5 151.75
66.0 155.5
69.75 153.75
79.75 158.25
94.5 166.5
68.75 159.5
68.75 160.25
73.25 161.75
84.5 165.0
68.75 160.5
68.75 161.5
73.0 163.0
81.25 165.25
68.5 164.0
67.0 167.25
69.75 170.5
75.5 170.5
84.75 170.25
