24.5 36.5 162.0 162.0
68.75 77.5
67.75 70.0
68.25 67.0
71.5 71.0
83.0 66.75
89.5 62.25
102.25 59.75
118.75 67.25
132.75 75.25
75.75 84.25
70.75 92.25
61.75 104.5
53.0 118.25
67.0 127.75
65.0 128.5
64.25 128.75
71.25 129.75
83.75 130.5
73.25 93.0
70.75 84.25
74.5 82.75
78.25 90.0
73.25 93.75
71.25 94.75
94.75 89.75
98.0 80.5
107.5 79.75
117.25 87.0
105.0 92.0
98.0 91.5
66.5 153.75
61.75 148.25
59.25 145.25
60.75 148.25
64.25 146.5
73.25 151.25
87.25 160.75
64.5 154.0
63.75 153.75
67.25 155.0
78.0 158.75
64.25 155.0
63.5 155.0
67.0 156.5
74.75 158.75
64.25 158.75
61.75 161.25
63.5 164.0
68.75 163.75
77.75 164.0
