14.5 48.0 160.0 160.0
68.0 74.25
69.0 66.25
71.5 62.75
76.25 66.75
91.75 62.5
99.75 58.25
114.25 56.25
131.5 64.75
144.75 73.5
82.0 80.25
77.0 87.75
68.0 99.5
58.75 113.0
68.5 124.75
68.5 125.0
69.0 124.75
77.0 125.75
91.0 127.0
72.0 90.5
71.25 81.0
76.5 79.5
81.0 86.75
74.25 90.75
71.0 92.0
102.25 86.5
106.75 77.25
118.25 76.5
128.0 84.5
115.0 88.75
106.75 88.25
65.75 152.0
62.25 145.75
61.75 142.0
64.75 145.0
69.25 143.0
79.5 147.75
93.75 158.0
65.75 151.5
66.25 151.0
71.5 152.0
83.25 156.0
65.25 152.5
66.25 152.25
71.0 153.5
80.0 156.0
64.5 156.75
63.5 158.75
66.5 161.5
73.0 161.0
83.25 161.25
