19.5 32.0 167.5 167.5
61.75 81.75
62.0 75.0
64.5 73.0
71.0 78.25
87.5 75.0
95.75 70.5
110.5 67.75
129.5 75.0
144.0 81.75
79.75 93.0
76.25 102.25
69.5 116.5
63.25 132.25
72.5 137.0
73.5 139.5
74.75 140.5
82.75 141.0
97.0 140.75
68.25 97.5
66.5 89.5
72.25 88.75
78.5 96.25
71.75 100.0
68.0 100.5
101.75 97.25
105.25 88.25
117.5 87.75
128.25 94.25
115.75 100.25
107.0 99.75
73.75 162.5
70.0 158.5
70.0 157.25
74.0 160.75
78.5 159.0
89.25 162.75
104.5 170.0
74.5 164.25
76.0 165.25
81.5 166.75
94.0 169.25
74.5 165.25
76.0 166.5
81.5 168.0
90.5 169.5
74.0 168.75
74.25 172.5
78.0 175.75
84.75 175.25
94.75 174.5
