21.5 44.5 153.0 153.0
68.0 82.25
66.0 75.0
65.0 72.0
67.5 75.75
76.75 70.75
82.0 65.75
93.5 62.0
109.5 68.25
124.0 75.0
71.75 88.5
67.25 96.75
59.0 109.5
51.0 123.5
67.75 131.75
64.75 132.75
63.25 133.0
69.75 133.5
81.5 133.5
73.5 97.25
69.75 88.75
72.5 87.0
76.5 93.75
72.25 98.0
71.25 99.25
90.0 92.25
92.0 83.0
100.0 81.5
110.25 88.0
98.75 94.0
92.75 94.0
69.5 157.25
63.75 152.25
60.25 149.5
61.25 152.25
64.0 150.5
72.75 154.5
86.75 163.0
66.5 157.75
65.0 157.75
68.0 158.75
78.0 161.75
66.5 158.5
65.0 158.75
67.75 160.0
75.0 161.75
67.0 162.25
63.75 165.0
65.25 167.5
69.5 167.0
78.25 166.75
