20.0 42.0 162.0 162.0
73.0 68.25
74.5 60.5
77.0 57.25
81.25 62.0
96.5 59.5
104.75 56.0
119.0 55.75
135.25 66.0
147.5 76.25
85.0 75.75
79.0 83.0
68.75 93.5
58.0 106.0
67.0 118.5
66.75 118.75
67.25 118.5
74.75 120.75
88.25 123.25
75.0 84.75
75.0 75.25
80.5 74.5
84.0 82.25
77.0 85.25
73.75 86.25
104.25 84.5
109.75 75.75
121.0 76.5
129.75 85.25
116.25 88.25
108.5 86.75
61.5 145.0
58.5 138.5
58.25 135.0
60.5 138.25
65.25 136.75
74.5 142.75
87.5 154.5
61.25 144.75
61.75 144.25
66.5 146.0
77.5 151.25
60.75 145.75
61.25 145.5
65.75 147.5
74.25 150.75
59.5 149.75
58.0 151.5
60.5 154.75
67.0 155.0
76.75 156.5
