17.0 38.0 157.5 157.5
76.5 72.5
75.5 66.0
74.0 63.0
74.75 67.25
83.0 62.75
88.5 58.0
102.0 55.25
117.5 63.0
129.25 69.75
76.5 82.75
71.5 89.5
61.25 99.5
53.75 110.75
70.5 120.25
67.5 122.5
66.5 123.0
72.5 123.0
83.75 121.25
77.25 89.0
74.25 80.25
76.25 79.25
79.0 87.25
74.0 90.5
73.5 91.0
92.0 86.75
95.5 76.75
104.75 75.0
114.5 82.0
101.25 87.75
94.75 88.0
65.75 145.75
61.75 138.75
60.0 134.5
60.5 137.0
64.25 135.0
71.75 139.75
82.75 151.25
61.75 144.0
60.75 143.0
63.75 144.0
73.75 148.0
61.25 144.75
60.0 144.25
62.75 145.0
70.25 147.75
60.0 148.5
55.75 149.75
56.25 151.75
61.0 151.5
71.5 152.75
