20.5 42.5 169.0 169.0
70.0 75.75
69.0 69.75
68.75 67.25
71.0 72.5
81.0 68.25
87.0 63.25
101.75 60.0
119.25 67.25
132.0 73.25
75.75 88.75
71.5 96.25
62.5 107.5
56.5 120.25
71.75 126.5
70.25 129.75
70.25 131.0
76.75 130.5
89.0 128.0
72.75 92.5
69.5 84.5
72.25 83.75
76.75 92.0
71.0 95.25
69.75 95.25
93.0 92.0
96.25 82.0
107.0 80.0
117.75 86.5
104.5 93.25
96.75 93.5
69.5 152.25
65.5 146.25
64.25 142.75
66.0 145.5
70.25 143.75
79.0 148.0
91.75 158.25
66.5 151.75
66.25 151.5
70.5 152.5
81.75 155.75
66.25 152.75
65.75 152.75
69.5 153.75
78.25 155.75
65.0 156.25
62.0 158.5
63.5 161.0
69.0 160.5
80.5 161.0
