21.5 48.0 168.5 168.5
65.25 85.0
62.25 80.75
60.25 80.75
62.75 87.0
69.75 84.25
73.75 79.25
86.5 75.0
104.5 80.25
118.0 83.75
69.75 103.75
67.5 112.0
61.25 125.25
58.0 138.5
75.75 137.0
74.0 142.5
73.5 145.0
79.25 144.25
89.5 141.0
71.25 100.75
65.75 95.0
67.5 95.25
73.0 103.5
69.25 106.0
68.5 105.0
86.25 105.25
86.75 96.0
95.5 94.25
107.25 98.75
96.25 107.25
89.5 107.5
79.25 160.75
73.75 157.25
71.0 156.25
72.5 159.75
75.5 158.0
84.0 161.5
97.75 169.25
75.25 163.0
74.25 164.25
77.75 165.75
88.25 168.0
75.25 164.0
74.0 165.5
77.25 167.0
85.0 168.25
75.0 167.0
72.0 171.0
73.25 174.25
77.75 174.0
88.0 173.25
