27.0 46.0 159.0 159.0
58.5 89.5
57.25 85.0
58.5 84.75
64.25 90.75
76.5 86.75
82.25 81.0
98.0 75.5
118.5 79.5
132.5 82.25
75.25 107.25
73.5 116.0
68.75 130.25
67.0 144.5
78.5 142.0
80.5 147.5
82.0 149.75
89.0 148.25
101.25 143.25
66.0 105.5
61.75 99.75
66.0 99.5
74.0 107.25
67.75 110.75
65.0 110.0
94.75 107.0
96.5 97.25
108.75 94.5
121.0 98.25
109.5 107.75
100.5 109.0
83.25 166.5
79.25 163.25
78.75 162.0
82.5 165.25
87.0 162.75
97.25 165.0
112.5 171.25
82.5 168.75
83.5 169.75
89.0 170.5
101.75 171.25
82.25 169.75
83.5 171.0
88.75 172.0
98.25 172.0
81.5 173.0
81.25 177.25
84.5 180.0
90.75 179.0
102.25 176.75
