26.5 44.0 168.0 168.0
71.0 70.25
71.0 64.75
71.75 63.25
74.75 69.25
87.0 67.25
93.75 63.0
110.0 61.75
127.75 71.25
140.0 78.25
79.25 87.0
74.75 94.75
65.25 105.75
58.5 118.5
71.25 123.5
70.75 127.75
71.25 129.5
78.25 129.75
91.25 128.5
72.75 87.75
70.5 80.0
74.0 80.0
78.75 89.25
72.0 91.5
69.75 90.75
97.25 92.25
102.0 83.0
114.0 82.75
124.25 90.0
110.5 95.75
101.75 95.0
67.5 149.25
64.25 143.5
64.0 140.75
66.25 144.25
71.25 142.75
80.0 148.0
92.5 159.25
65.5 149.5
66.0 149.75
70.5 151.5
82.25 156.0
65.0 150.25
65.25 151.0
69.75 152.75
78.5 155.5
63.25 153.75
61.0 156.5
63.0 159.5
69.0 159.75
80.75 161.0
