19.5 30.0 165.0 165.0
77.5 72.25
77.25 65.25
77.0 60.75
78.25 63.75
88.0 57.75
94.25 53.0
108.5 49.75
124.25 57.25
135.5 64.0
79.75 77.75
74.5 84.0
64.0 92.75
55.75 103.25
70.25 116.75
67.75 117.5
67.25 117.0
73.75 116.75
86.25 114.5
77.25 88.5
75.25 79.0
77.75 77.25
80.75 84.25
75.0 88.25
73.75 89.5
95.75 81.5
100.5 71.25
110.75 68.5
120.0 75.75
106.5 81.0
99.0 82.0
63.75 142.5
60.5 134.25
59.5 128.75
60.75 130.25
65.0 128.25
72.75 132.5
83.75 144.25
60.5 139.25
60.0 137.25
63.75 137.25
74.25 141.25
59.75 140.0
59.25 138.25
62.75 138.5
70.75 140.75
58.0 144.25
54.5 144.0
55.5 145.0
60.75 144.5
72.0 145.75
