25.5 31.0 168.5 168.5
66.5 82.75
64.25 77.5
63.0 75.75
65.5 81.0
73.75 76.5
78.5 71.0
92.0 66.25
109.75 71.5
123.25 75.75
71.75 97.0
68.75 105.25
61.25 117.5
57.0 130.75
74.0 133.5
72.5 137.75
72.0 139.25
78.25 138.25
89.25 134.5
71.5 99.0
66.75 92.0
69.0 91.5
74.0 99.25
69.5 102.75
68.5 102.5
88.5 98.25
90.25 88.25
99.75 85.5
111.0 90.5
99.25 98.75
92.0 99.75
75.5 158.75
70.5 153.75
68.25 151.25
69.75 154.0
73.5 152.0
82.0 155.25
95.75 164.0
72.0 159.25
71.25 159.5
74.75 160.25
86.0 162.5
71.5 160.25
70.75 160.75
74.25 161.75
82.5 162.75
71.25 163.75
68.0 166.75
69.5 169.25
74.5 168.5
85.25 167.75
