14.5 46.5 162.5 162.5
60.75 85.5
59.25 81.0
60.0 80.5
65.0 86.75
76.75 83.5
82.5 78.25
98.0 73.5
118.0 78.5
132.0 82.0
74.5 103.75
72.5 112.5
66.5 126.25
63.75 140.25
76.5 138.75
77.5 144.25
78.75 146.5
85.75 145.25
98.0 141.25
67.25 102.0
63.0 95.75
67.0 96.0
74.0 104.0
68.0 107.25
65.5 106.25
93.75 104.75
95.75 95.25
107.75 93.0
119.75 97.25
107.75 106.25
99.0 106.75
80.0 163.5
75.75 159.75
75.0 158.5
78.25 162.0
82.5 159.75
92.5 162.75
107.5 170.0
78.5 165.5
79.25 166.5
84.25 167.75
96.75 169.25
78.25 166.5
79.0 168.0
83.75 169.0
93.25 169.75
77.5 169.75
76.5 174.0
79.25 177.0
85.5 176.25
96.75 174.75
