23.0 37.5 157.0 157.0
68.5 83.5
66.25 78.5
66.0 78.5
68.5 81.5
76.0 75.5
81.25 73.0
92.75 68.0
110.5 71.0
123.5 74.75
73.5 93.75
68.75 102.5
60.0 114.0
52.5 127.5
71.75 134.5
69.0 136.75
67.5 138.25
74.25 137.75
86.0 135.5
74.0 97.75
68.5 90.5
70.75 89.75
75.75 97.25
71.25 101.25
70.5 101.25
88.0 96.25
90.0 86.25
99.25 83.5
111.25 88.5
98.75 97.25
91.5 97.75
74.0 159.25
69.0 156.0
66.0 154.5
67.5 157.5
70.25 155.5
79.5 158.5
94.25 164.5
71.5 161.25
70.75 162.0
74.25 163.0
84.75 164.75
71.5 162.25
70.75 163.25
74.25 164.25
81.5 165.25
71.5 165.25
69.25 168.25
71.5 171.5
76.25 170.5
84.75 169.5
