15.0 46.0 158.0 158.0
76.25 69.75
75.75 64.5
76.75 64.75
79.0 68.25
89.25 64.75
95.5 63.75
109.0 62.0
126.25 69.5
137.75 76.5
81.5 81.75
75.0 89.25
63.75 98.5
53.5 110.25
68.5 121.25
66.25 123.25
65.0 124.25
72.25 125.5
85.0 126.0
78.0 85.25
75.0 76.75
78.25 77.0
82.0 85.5
75.5 88.25
74.25 88.0
96.0 88.0
101.0 79.0
111.75 78.75
122.25 86.75
107.5 92.0
99.75 90.5
64.5 146.0
60.75 142.0
59.0 139.75
60.5 143.25
64.0 142.0
73.0 147.25
86.25 156.5
62.25 147.75
62.0 148.5
66.0 150.25
76.25 154.5
62.0 148.75
61.75 149.5
65.5 151.5
73.0 154.25
61.25 151.5
59.0 154.25
61.0 158.0
66.25 158.25
75.25 159.25
