22.5 39.0 169.5 169.5
75.75 72.25
74.5 67.25
74.25 67.25
75.75 70.75
84.25 66.75
89.75 65.25
102.25 63.0
119.0 69.75
131.0 76.0
78.25 83.75
71.75 91.5
60.75 101.0
50.75 113.0
68.5 123.25
65.25 125.25
63.25 126.25
70.0 127.25
81.75 127.5
78.25 87.5
74.25 79.25
76.75 79.25
80.0 87.5
74.75 90.5
74.0 90.25
91.75 89.5
95.75 80.25
105.5 79.5
116.0 87.0
102.0 93.0
95.0 91.75
65.75 147.75
61.25 143.75
58.75 141.75
59.5 145.25
62.5 143.75
70.75 148.5
84.0 157.5
62.75 149.5
61.75 150.25
65.0 152.0
74.75 155.75
62.5 150.25
61.5 151.25
64.5 153.0
71.5 155.75
62.0 153.25
59.25 156.0
60.5 159.5
65.25 159.75
73.75 160.5
