23.0 47.5 167.5 167.5
74.75 75.0
73.0 69.75
72.5 69.25
74.25 72.0
82.25 67.0
87.5 65.25
99.5 62.0
116.25 67.5
128.25 73.0
76.75 84.75
70.75 92.25
60.0 102.25
50.5 114.25
68.75 125.0
65.25 126.5
63.5 127.25
70.0 127.75
81.75 127.25
77.75 90.0
73.25 81.75
75.5 81.0
79.0 89.0
74.0 92.5
73.5 92.75
90.5 89.25
94.0 79.5
103.25 78.0
114.0 85.0
100.5 91.5
93.5 91.0
67.0 150.0
62.25 145.75
59.25 143.25
60.25 146.25
63.25 144.75
71.5 148.75
85.0 157.25
63.75 151.25
62.75 151.5
66.0 152.75
75.75 156.0
63.5 152.0
62.5 152.75
65.5 154.0
72.5 156.0
63.25 155.25
60.25 157.75
61.75 160.75
66.5 160.5
75.0 160.75
