20.0 49.0 163.0 163.0
77.5 71.5
77.5 64.75
79.0 62.5
81.5 64.25
92.25 58.25
98.5 56.25
112.0 53.5
129.0 59.75
140.0 66.5
83.75 75.75
77.25 82.0
65.75 89.75
55.0 100.0
68.75 117.0
66.75 116.25
65.75 115.75
73.25 116.5
86.25 116.5
78.5 86.75
76.25 76.75
79.75 75.25
83.25 82.25
76.5 86.5
75.0 87.75
98.0 80.75
103.25 71.0
114.5 69.0
124.5 76.75
110.0 81.75
102.0 81.75
63.0 143.0
59.75 137.0
58.5 132.75
60.25 134.75
64.25 132.75
73.25 137.25
86.5 147.0
61.25 142.5
61.25 141.5
65.5 142.0
76.25 145.5
60.75 143.25
60.75 142.5
65.0 143.25
72.75 145.25
59.75 147.0
57.5 148.0
59.75 150.25
65.75 149.5
75.25 150.0
