20.5 40.0 156.5 156.5
72.0 73.75
71.75 68.5
73.25 68.5
76.5 72.0
87.5 67.5
94.0 66.0
107.75 63.25
126.0 69.25
138.0 75.25
80.75 85.25
74.75 93.25
64.75 103.5
55.25 116.0
70.0 126.0
68.5 128.0
68.0 129.25
75.5 129.75
88.5 129.25
75.0 89.25
71.75 80.75
75.75 80.75
80.5 89.0
73.75 92.25
71.75 92.25
96.0 90.5
100.5 80.75
112.0 79.75
123.0 86.75
109.0 93.25
100.5 92.5
67.5 151.5
64.0 147.5
62.75 145.5
65.0 148.75
68.75 147.25
78.25 151.5
92.5 159.75
66.25 153.25
66.5 154.0
71.0 155.5
82.25 158.75
66.0 154.25
66.25 155.0
70.75 156.75
78.75 158.75
65.25 157.25
63.75 160.25
66.5 163.5
72.25 163.5
81.75 163.5
