24.0 38.5 162.0 162.0
73.75 75.5
72.5 69.75
72.75 69.0
74.75 71.75
83.75 66.25
89.25 64.25
101.75 60.75
119.0 66.0
131.25 71.75
78.0 84.0
72.0 91.75
61.25 101.5
51.75 113.5
69.0 125.0
66.25 126.25
64.75 127.0
71.75 127.25
83.75 126.5
76.75 90.5
72.75 81.75
75.5 81.0
79.25 88.75
73.75 92.5
73.0 93.0
92.0 88.5
95.75 78.75
105.75 76.75
116.75 83.5
103.0 90.25
95.5 90.0
67.0 150.5
62.75 146.0
60.25 143.25
61.5 146.25
64.75 144.25
73.5 148.5
87.25 156.75
64.5 151.5
63.75 151.5
67.25 152.75
77.5 155.75
64.25 152.25
63.5 152.75
67.0 154.0
74.25 155.75
63.75 155.5
61.25 158.0
63.0 161.0
68.0 160.5
77.0 160.5
