26.5 46.0 161.0 161.0
72.0 75.5
70.75 70.5
71.25 70.75
74.0 74.0
83.25 69.5
89.25 67.75
102.0 64.75
120.0 70.25
132.25 75.75
77.75 87.25
72.0 95.25
62.0 106.0
53.0 118.75
69.75 127.75
67.25 129.75
66.25 131.25
73.25 131.5
85.75 131.0
75.5 90.75
71.25 82.75
74.5 82.5
78.75 90.75
73.0 94.0
71.75 93.75
92.5 92.0
96.25 82.25
106.75 81.0
118.0 87.75
104.25 94.75
96.25 94.0
68.5 152.5
64.25 149.0
62.0 147.0
63.75 150.5
67.0 148.75
76.25 153.0
90.25 161.0
66.5 154.5
66.0 155.25
69.75 156.75
80.5 160.0
66.25 155.5
65.75 156.5
69.5 158.0
77.25 160.0
65.75 158.5
63.5 161.5
65.75 164.75
71.0 164.75
80.0 164.5
