17.5 40.0 168.5 168.5
65.75 78.75
66.25 75.0
70.25 77.0
75.5 81.75
89.0 78.5
96.25 77.25
111.25 74.25
131.5 79.5
143.5 83.75
82.5 96.0
78.25 105.5
70.25 118.5
63.25 133.25
74.5 136.0
75.5 140.25
76.25 143.0
84.5 142.75
98.0 141.25
70.75 94.25
67.75 87.5
73.25 88.5
80.25 97.5
72.25 100.0
69.0 98.75
100.0 100.5
104.5 91.25
117.75 90.75
129.25 96.5
115.75 104.5
105.75 103.5
74.5 160.25
72.0 158.25
72.25 158.25
75.75 162.25
80.25 161.0
90.75 164.25
105.75 170.25
75.5 164.0
77.25 166.0
83.0 167.75
95.0 170.0
75.25 165.0
77.0 167.0
82.75 169.0
91.75 170.5
74.5 167.5
74.75 171.75
79.0 175.75
85.75 175.75
95.25 174.75
