22.5 30.5 163.0 163.0
62.0 86.5
61.75 83.25
65.5 86.0
70.75 90.5
83.25 87.0
90.25 85.0
104.5 80.75
125.0 84.0
137.75 86.5
79.5 104.25
76.25 114.5
69.75 128.25
64.75 143.75
77.25 143.0
78.25 148.0
79.0 151.0
87.0 150.0
100.0 147.25
69.0 100.75
65.0 95.25
70.25 96.25
78.0 104.75
70.75 107.5
67.75 106.0
97.0 107.0
100.25 97.75
113.0 96.75
125.25 100.75
112.75 110.25
103.0 109.75
80.5 165.75
77.5 165.0
77.25 165.75
81.25 169.75
85.0 168.0
95.75 170.25
111.0 174.25
81.5 170.25
83.0 172.5
88.75 174.0
100.5 175.0
81.5 171.0
83.0 173.5
88.75 175.25
97.25 175.75
81.0 173.25
81.5 178.0
86.0 181.75
92.25 181.5
101.5 179.75
