26.0 44.5 161.0 161.0
66.75 83.0
64.0 80.0
63.75 83.0
66.5 87.75
73.75 85.5
79.0 84.0
90.5 80.75
108.75 85.25
122.25 88.5
72.25 101.75
68.25 111.0
60.25 123.75
54.0 138.0
73.25 138.0
70.5 143.0
69.25 146.0
75.75 146.0
87.0 144.75
73.0 97.0
67.0 91.75
69.5 93.0
75.0 101.75
70.5 103.75
69.75 102.0
87.0 105.5
88.5 97.0
98.0 96.75
110.0 101.75
97.75 110.0
90.75 108.75
76.75 160.0
71.75 159.0
68.75 159.75
70.5 164.0
73.0 163.0
82.0 166.5
96.25 172.0
74.5 164.5
73.75 166.75
77.25 169.0
87.25 171.5
74.5 165.25
73.75 167.75
77.25 170.25
84.25 171.75
74.75 167.25
72.75 172.0
75.0 176.0
79.5 176.5
87.5 176.0
