25.5 48.0 164.0 164.0
66.0 79.75
65.75 75.5
69.0 76.75
73.5 81.0
86.0 76.75
93.0 75.0
107.25 71.5
127.25 76.25
139.5 80.5
80.5 94.75
76.0 104.0
68.0 116.5
60.75 131.0
73.75 135.5
74.0 139.0
74.5 141.25
82.25 141.0
95.75 139.25
71.0 95.0
67.5 88.0
72.5 88.25
79.0 97.0
71.75 100.0
69.0 99.25
97.5 98.75
101.25 89.0
114.0 88.0
125.75 93.5
112.25 101.75
103.0 101.0
74.5 160.0
71.25 157.75
70.75 157.0
74.25 160.75
78.25 159.25
88.75 162.25
104.0 168.25
74.75 163.25
76.0 164.75
81.25 166.25
93.25 168.25
74.5 164.25
75.75 166.0
81.25 167.5
89.75 168.75
73.75 167.0
73.75 171.0
77.5 174.5
84.0 174.25
93.5 173.0
