13.5 43.0 157.0 157.0
75.75 74.5
74.0 69.25
73.0 68.25
74.0 70.0
83.0 64.25
88.75 63.5
102.0 61.0
116.5 67.0
132.5 73.0
74.75 77.5
69.25 84.5
58.5 95.25
48.5 108.0
65.5 118.5
62.0 121.0
60.25 122.25
67.5 122.25
79.75 119.0
79.5 87.5
76.0 79.0
78.75 78.25
82.5 84.75
77.25 88.0
76.5 89.0
96.75 85.25
100.0 76.75
108.5 76.0
117.75 83.5
105.25 87.5
99.25 86.75
66.5 144.0
60.75 141.25
58.0 140.25
59.25 143.5
62.0 142.0
70.75 144.75
87.5 152.25
62.5 146.5
61.5 147.75
64.5 149.0
75.75 151.5
62.25 147.0
61.0 148.5
64.0 150.0
72.0 151.5
62.0 149.25
58.5 152.75
59.75 155.5
64.5 155.75
75.0 155.25
