26.5 48.5 153.5 153.5
75.5 76.0
74.0 70.25
73.25 68.25
74.5 69.25
84.25 62.25
90.0 61.0
103.5 58.0
118.0 63.0
134.0 68.75
75.75 75.75
70.25 82.5
59.25 92.75
49.25 105.25
65.75 118.0
62.25 119.5
60.75 120.0
68.25 119.75
81.0 116.0
79.0 88.75
75.75 80.0
78.75 78.5
82.5 84.75
77.25 88.25
76.0 89.75
97.75 82.75
101.0 74.25
110.0 72.5
119.25 79.5
106.75 83.75
100.5 84.0
66.0 144.5
60.5 141.0
58.0 139.0
59.5 141.75
62.5 139.75
71.75 142.0
88.75 149.25
62.5 145.75
61.5 146.5
65.0 147.25
76.5 149.0
62.0 146.5
61.25 147.25
64.5 148.25
72.75 149.25
61.75 149.0
58.5 151.75
60.0 154.0
65.25 153.75
76.0 153.0
