20.0 33.5 154.5 154.5
67.0 80.0
65.75 75.5
67.0 75.75
70.25 78.25
82.75 72.75
89.5 71.75
104.75 68.5
122.0 73.25
139.0 77.25
74.75 86.75
70.5 95.0
62.0 108.25
54.75 123.25
68.5 129.0
67.75 133.0
67.75 135.25
76.0 134.25
89.0 129.5
72.5 92.75
69.0 85.25
73.5 84.75
79.5 91.5
73.25 94.75
70.75 95.25
99.5 92.0
102.75 83.75
113.75 82.75
124.25 89.25
111.75 94.5
103.75 94.0
71.5 153.5
67.25 152.75
66.5 152.75
69.75 156.75
73.5 155.0
84.25 156.5
102.75 161.25
70.75 157.75
71.5 160.0
76.5 161.25
89.5 162.25
70.5 158.5
71.25 161.0
76.25 162.25
85.5 162.75
69.75 160.25
69.0 165.25
72.0 168.25
78.5 168.0
89.75 166.25
