23.0 43.5 166.5 166.5
69.5 73.5
70.5 68.0
74.0 67.25
78.5 69.25
95.0 63.75
102.75 63.0
119.5 61.25
136.5 67.5
152.25 74.0
83.75 77.25
79.25 84.5
70.0 96.25
61.25 110.0
69.5 120.75
70.0 123.75
71.5 124.75
80.5 124.75
95.25 120.75
73.25 87.25
72.25 78.5
78.25 77.75
84.25 84.75
76.25 88.0
72.25 88.75
108.5 85.5
113.75 77.0
126.5 76.5
136.25 84.0
122.75 88.0
113.75 87.25
67.25 147.75
64.75 145.25
66.0 144.0
70.5 147.75
75.25 145.75
87.25 148.0
105.75 154.75
68.5 150.5
70.75 152.0
77.0 153.25
91.25 154.75
68.0 151.25
70.5 153.0
76.5 154.25
87.0 155.25
66.5 153.5
67.0 157.5
71.0 160.25
78.75 160.25
91.25 159.0
