27.0 34.0 156.0 156.0
72.5 73.75
71.25 69.25
71.5 69.25
73.75 71.75
85.25 67.5
91.75 67.0
106.5 65.25
122.25 72.0
138.75 78.0
76.25 80.5
71.25 88.0
60.75 100.0
51.5 113.5
66.5 121.5
64.25 125.25
63.5 127.0
71.25 127.25
84.5 124.0
76.5 87.0
73.5 79.0
77.25 78.75
82.0 86.0
76.0 88.75
74.0 89.0
99.75 88.5
103.5 80.5
113.5 80.5
123.5 88.25
110.5 92.0
103.25 90.75
67.0 146.25
62.25 144.5
60.5 144.5
63.0 148.5
66.5 147.25
76.25 150.0
93.75 157.0
64.75 150.0
64.75 152.0
69.0 154.0
81.25 156.25
64.5 150.5
64.25 153.0
68.5 154.75
77.25 156.5
64.0 152.5
61.75 157.0
63.75 160.25
69.75 160.75
80.75 160.25
