18.0 46.0 154.0 154.0
59.0 87.5
56.5 83.75
57.5 85.0
62.0 88.75
76.25 86.0
84.0 84.0
99.0 81.0
119.5 86.0
138.0 88.0
71.0 99.75
69.0 109.0
63.25 125.0
58.5 144.75
71.75 141.25
72.5 147.5
73.25 151.75
81.5 149.75
95.75 145.25
69.5 98.75
64.25 93.25
69.5 93.0
77.0 98.75
71.75 103.5
69.0 102.75
98.75 102.25
100.5 95.25
112.25 95.5
125.25 100.25
112.75 107.5
103.75 106.5
77.25 163.75
74.0 163.0
73.5 164.25
77.75 168.25
81.5 167.25
91.5 168.5
107.25 172.75
77.75 167.5
79.0 169.5
84.5 171.5
96.5 172.75
77.5 168.0
79.0 170.5
84.25 172.25
93.25 173.25
77.0 170.0
77.0 174.25
80.75 177.25
87.0 177.5
97.0 176.75
