16.0 38.5 155.0 155.0
56.25 91.0
54.75 86.5
57.75 86.5
64.25 89.0
82.25 83.25
91.0 80.25
107.0 75.75
128.25 79.25
145.75 81.0
75.5 98.75
74.25 108.0
69.5 124.5
66.0 145.0
75.0 143.5
77.75 148.5
80.0 152.25
89.25 149.0
104.5 142.75
67.0 102.5
62.75 96.25
69.5 94.5
78.0 99.75
71.5 105.5
67.5 106.0
104.0 99.5
106.5 91.75
120.0 90.0
132.75 94.5
120.25 102.75
110.25 102.75
80.5 167.5
78.5 166.0
79.5 166.25
85.25 169.5
89.75 167.5
101.0 167.5
117.25 170.75
83.0 170.0
85.75 171.5
92.5 172.0
105.75 172.0
83.0 170.75
85.75 172.25
92.25 173.0
102.25 172.75
82.0 173.25
83.5 176.75
88.75 178.75
96.0 178.0
106.75 176.0
