14.5 36.5 169.5 169.5
66.25 75.75
65.5 69.5
67.25 67.5
71.5 69.5
87.75 64.25
96.0 62.5
111.75 60.75
130.5 68.25
147.25 75.0
78.5 79.0
74.5 87.0
65.0 100.0
55.5 117.5
67.25 125.25
67.25 128.25
67.5 130.5
77.0 129.25
93.0 126.25
73.5 89.5
70.5 80.75
76.25 79.25
82.5 85.5
75.5 90.75
72.5 91.75
104.75 86.75
108.5 78.75
121.0 78.25
132.25 86.0
118.25 91.25
109.5 90.25
66.25 151.75
64.0 147.5
64.0 145.75
67.75 149.25
72.25 147.75
82.75 150.25
97.75 158.0
66.75 152.25
68.25 152.5
74.0 153.75
86.5 156.75
66.5 153.0
68.0 153.5
73.5 154.75
82.75 156.5
65.0 156.0
64.75 157.75
68.5 160.0
75.25 160.25
86.25 160.75
