19.0 42.0 165.0 165.0
66.0 77.25
64.75 71.25
65.75 69.5
69.75 71.75
84.5 66.25
92.5 64.5
107.75 62.5
126.5 69.5
143.75 75.75
76.25 81.25
72.25 89.25
63.25 102.75
53.75 120.25
67.0 127.0
66.5 130.25
66.5 132.75
75.5 131.25
91.0 128.0
73.5 90.75
70.0 82.25
75.25 80.75
81.5 87.0
75.0 92.25
72.25 93.0
102.5 88.0
105.75 80.25
117.5 79.75
129.0 87.25
115.5 92.75
106.75 91.75
67.0 153.0
64.25 149.25
63.75 147.75
67.25 151.0
71.5 149.75
81.5 152.0
96.5 159.5
67.0 153.75
68.0 154.25
73.25 155.75
85.75 158.25
66.75 154.5
67.75 155.25
73.0 156.5
82.0 158.25
65.5 157.25
65.0 159.5
68.25 161.75
74.75 162.0
85.25 162.25
