19.5 47.5 168.5 168.5
65.25 78.25
64.0 72.0
65.25 70.25
69.25 72.25
84.25 66.5
92.25 64.5
107.5 62.25
126.5 69.0
143.75 75.0
76.0 81.75
72.25 89.75
63.25 103.25
54.25 121.0
67.25 127.75
67.0 131.0
67.25 133.25
76.25 131.75
91.75 128.25
73.0 91.5
69.5 83.0
74.75 81.5
81.0 87.5
74.75 93.0
72.0 93.75
102.5 88.25
105.75 80.25
117.5 79.5
129.25 86.5
115.75 92.5
107.0 91.5
67.75 154.0
65.0 150.0
64.5 148.5
68.25 151.75
72.5 150.25
82.75 152.5
97.75 159.75
67.75 154.75
69.0 155.0
74.25 156.25
86.75 158.75
67.5 155.5
68.75 156.0
74.0 157.0
83.25 158.75
66.25 158.25
66.0 160.25
69.25 162.5
75.75 162.5
86.5 162.75
