19.0 44.5 157.0 157.0
66.25 85.5
62.5 80.25
61.0 79.0
62.75 80.75
71.5 74.25
77.25 71.5
89.5 67.5
107.25 72.0
125.5 75.5
67.75 89.5
64.75 97.75
56.75 111.75
49.25 129.75
68.25 133.75
65.5 137.25
64.0 140.0
71.25 137.75
84.25 133.25
75.25 97.25
69.25 90.0
72.25 88.25
77.75 93.5
74.0 99.25
73.25 100.0
92.5 92.75
93.5 84.75
102.0 83.0
114.25 88.75
102.5 95.75
95.75 95.75
72.25 158.5
67.5 155.25
64.75 154.25
67.0 157.5
69.75 155.75
78.25 157.25
93.0 163.25
69.75 159.5
69.25 160.25
72.75 161.25
83.5 162.75
69.75 160.25
69.0 161.0
72.5 162.0
80.25 163.0
69.75 163.0
67.5 165.25
69.25 167.5
74.0 167.25
83.25 166.75
