14.0 39.0 162.0 162.0
61.75 93.0
57.25 89.5
55.75 90.25
58.0 93.25
65.75 89.0
71.25 86.5
83.0 82.25
101.75 85.25
120.75 85.75
64.75 103.0
63.25 112.0
58.25 127.5
54.25 146.75
73.0 143.25
71.25 149.0
70.25 153.0
77.0 150.75
88.75 145.5
73.0 103.0
65.5 98.0
68.5 97.0
75.0 102.0
72.25 107.0
71.25 106.75
90.0 103.25
89.75 96.25
98.0 95.5
111.25 99.25
100.75 107.5
93.75 107.0
81.0 165.25
76.0 164.25
73.25 165.25
76.0 169.0
78.5 167.75
87.25 168.75
102.25 172.5
79.0 168.5
78.75 170.5
82.5 172.0
93.0 172.75
79.0 169.25
78.75 171.25
82.25 172.75
90.0 173.25
79.5 171.25
77.75 175.0
80.0 177.75
84.75 177.75
93.5 176.75
