24.0 35.5 157.5 157.5
75.5 76.5
73.0 71.0
71.75 68.75
72.5 69.75
82.0 62.0
89.0 60.0
103.0 55.25
118.75 58.25
133.75 66.5
72.5 75.5
67.5 82.0
57.25 92.5
46.25 105.25
67.0 119.75
61.5 120.75
59.25 120.25
66.0 120.75
78.5 119.0
81.25 91.25
77.0 81.75
79.25 80.0
81.5 86.0
77.75 91.75
77.5 93.25
95.5 83.5
99.25 74.5
109.75 72.0
119.5 79.5
106.0 85.75
98.25 86.0
64.75 146.0
59.75 139.75
56.5 135.5
57.25 137.75
60.0 136.0
69.25 139.25
84.25 149.0
60.25 144.0
58.75 142.75
61.5 143.0
72.75 146.75
59.75 144.75
58.25 143.5
60.75 144.0
68.75 146.25
59.25 148.0
55.25 148.25
55.75 149.5
60.75 149.5
71.25 150.5
