17.0 39.0 164.5 164.5
75.75 75.0
73.75 68.75
73.5 66.0
75.0 66.75
86.5 59.0
94.0 57.0
109.0 52.75
125.25 56.5
139.75 65.25
75.5 72.25
70.5 78.25
60.0 88.25
48.5 100.25
67.25 117.0
62.25 117.25
60.75 116.5
68.0 117.0
81.0 115.75
80.75 89.75
77.5 80.0
80.25 78.0
82.75 84.0
78.0 89.75
77.25 91.5
99.0 81.0
103.5 72.25
115.0 69.75
124.5 77.5
110.75 83.5
102.25 83.5
63.25 143.75
59.0 136.75
56.75 132.0
57.75 134.0
61.0 132.25
71.0 135.75
86.25 146.0
59.75 141.0
58.75 139.25
62.25 139.5
74.0 143.5
59.25 141.75
58.25 140.25
61.5 140.5
70.0 143.0
58.25 145.25
54.75 145.0
56.0 146.0
61.5 146.0
72.5 147.25
