18.5 40.5 167.0 167.0
67.0 86.25
63.25 82.5
62.0 82.5
63.5 84.5
71.75 78.0
78.25 75.25
91.5 68.5
108.25 69.25
125.0 74.25
65.5 92.5
62.25 100.25
55.0 114.0
48.0 129.5
70.75 135.0
66.25 138.75
64.25 140.0
71.0 139.5
82.75 135.5
76.5 99.5
70.0 92.25
72.25 91.25
76.0 97.5
73.5 103.0
73.5 103.25
90.25 95.75
92.0 86.75
102.25 83.75
113.75 89.0
101.75 98.0
93.75 98.75
74.75 159.25
68.75 155.5
65.25 154.0
66.5 157.0
69.0 155.25
79.0 157.25
95.75 163.5
70.5 160.25
69.0 160.5
72.0 161.25
84.0 163.0
70.25 161.0
68.75 161.5
71.75 162.5
80.25 163.5
70.5 163.75
67.25 166.25
68.25 168.25
73.25 168.0
83.5 167.25
