20.5 39.0 169.5 169.5
78.25 71.0
78.0 64.0
78.0 60.5
78.75 63.75
88.5 60.25
95.25 57.25
107.75 55.75
121.25 63.25
133.25 71.25
77.75 76.75
71.25 83.75
59.25 95.25
49.0 108.0
65.25 119.5
61.75 121.0
59.75 121.0
66.0 121.5
78.25 121.25
78.5 86.5
76.75 77.5
79.25 76.0
81.25 83.5
76.5 87.25
75.75 88.25
96.25 83.5
100.25 74.5
108.5 73.75
116.5 81.5
105.0 86.0
98.75 85.5
60.75 146.5
57.5 140.0
55.25 135.5
55.5 137.75
57.75 136.0
63.75 140.5
74.5 151.0
59.5 145.25
58.5 144.25
60.5 144.75
67.5 148.5
59.25 146.0
58.25 145.25
60.0 146.0
65.0 148.25
58.5 149.75
56.0 151.25
56.5 153.0
59.75 152.5
66.5 152.75
