25.5 38.0 168.0 168.0
72.25 73.5
72.0 67.0
72.5 64.25
74.75 68.5
86.25 66.0
93.75 62.75
107.25 61.0
122.5 68.5
135.25 75.5
76.5 83.25
70.75 91.25
60.25 104.75
51.5 119.0
66.75 126.5
64.5 129.5
63.5 130.5
70.25 130.5
83.25 129.75
74.25 89.5
72.0 81.0
75.25 80.0
78.75 88.0
73.5 91.5
72.0 92.0
96.75 89.0
100.5 80.0
109.75 79.75
118.75 86.75
107.25 92.25
100.25 91.5
65.25 154.0
62.0 148.5
60.0 145.0
61.25 147.75
63.5 146.0
70.75 150.25
83.0 159.75
65.0 153.75
64.5 153.25
67.0 154.25
75.0 157.5
64.75 154.5
64.25 154.5
66.75 155.5
72.5 157.5
64.0 158.0
62.5 160.5
63.75 162.75
67.5 162.25
74.75 162.25
