27.0 48.0 160.5 160.5
64.0 81.75
63.5 75.5
65.25 73.5
69.5 78.5
83.25 75.25
91.0 71.5
105.5 68.25
122.75 73.75
136.5 79.0
75.25 94.0
71.25 103.25
63.75 119.0
58.25 135.25
71.5 137.75
71.25 142.0
71.25 143.75
78.75 143.0
92.25 140.25
69.0 97.5
66.25 90.0
70.5 89.0
76.0 97.0
70.25 100.75
68.0 101.0
97.75 97.0
100.25 87.5
111.0 86.75
121.25 92.25
110.25 99.5
102.25 99.25
74.5 165.0
71.0 160.75
69.75 158.25
72.25 161.25
74.75 159.5
83.25 162.5
97.25 169.75
75.5 165.5
75.75 165.75
79.25 166.5
88.5 168.5
75.5 166.25
75.75 167.0
79.25 167.75
85.75 169.0
75.0 169.5
75.0 173.0
77.25 175.25
81.5 174.5
89.0 173.25
