21.5 38.0 154.0 154.0
71.5 75.25
69.75 70.0
68.75 68.75
70.0 74.5
78.5 74.0
84.75 71.25
97.0 70.0
111.75 77.5
125.25 84.0
71.25 90.75
66.25 99.5
56.75 113.75
49.5 128.5
67.5 131.0
64.25 135.75
62.25 137.75
68.25 138.25
79.75 137.75
74.75 91.25
71.0 84.0
73.0 84.0
76.5 92.5
72.5 95.25
72.0 94.5
90.75 96.5
93.0 87.75
100.75 88.75
110.0 95.25
99.5 101.0
93.25 99.5
68.5 156.75
64.25 152.75
61.0 150.75
61.5 154.25
63.25 153.0
69.75 157.5
81.75 166.25
67.0 158.0
65.75 158.5
67.5 160.0
74.75 163.75
67.0 158.75
65.75 159.75
67.5 161.25
72.5 163.5
66.75 161.5
64.75 165.0
65.25 167.75
68.25 168.0
74.5 168.25
