23.5 41.0 161.5 161.5
64.5 81.5
63.25 76.25
63.75 76.0
67.25 82.0
79.25 81.25
86.5 78.25
100.25 75.75
117.25 82.0
131.25 87.0
72.5 98.75
68.5 108.5
61.25 124.5
56.0 140.5
71.25 139.5
70.25 145.0
69.5 147.75
76.5 147.5
89.0 145.5
69.75 97.25
66.25 90.5
69.75 90.75
75.0 99.25
70.0 102.0
68.25 101.25
94.25 102.5
96.5 93.75
106.25 94.25
116.5 99.75
105.75 106.5
98.25 105.5
74.75 164.75
71.0 161.75
69.0 160.75
70.75 164.25
73.0 163.0
81.0 166.5
94.25 173.5
75.0 166.75
74.75 167.75
77.75 169.0
86.25 171.75
75.0 167.5
75.0 168.75
77.75 170.25
83.75 172.0
74.75 170.0
74.25 174.25
76.0 177.0
80.0 176.75
86.75 176.25
