19.0 38.0 157.5 157.5
63.25 89.75
60.5 84.5
59.75 83.5
62.75 88.5
72.0 85.5
77.75 81.25
89.75 76.75
106.25 80.25
120.75 83.25
68.5 103.75
65.5 113.5
60.0 129.75
56.5 145.75
73.75 144.5
72.0 149.75
71.0 152.0
77.25 150.75
88.75 147.25
70.25 104.25
65.25 98.0
67.5 97.25
73.25 104.75
69.5 108.5
68.75 108.25
89.25 104.5
89.5 95.25
97.75 94.0
108.5 98.25
99.25 106.25
92.75 106.75
80.75 169.5
75.75 166.5
72.5 165.25
74.25 168.25
75.75 166.5
83.5 169.25
97.25 174.75
80.0 170.75
79.25 171.5
81.5 172.5
89.5 174.0
80.0 171.75
79.25 172.75
81.5 173.75
87.25 174.5
80.5 174.5
79.5 178.25
81.0 180.75
84.25 180.0
90.5 178.5
