15.0 34.0 169.5 169.5
65.75 77.75
66.0 71.5
68.0 69.75
72.25 75.0
86.5 72.75
94.5 69.5
109.5 67.25
126.5 74.0
139.75 79.75
77.25 90.75
72.75 100.0
64.25 115.25
57.75 131.25
70.25 134.5
70.25 138.75
70.25 140.75
77.75 140.25
91.75 138.5
69.75 94.0
67.75 86.25
72.0 85.5
77.5 94.0
71.25 97.5
68.75 97.25
99.75 95.5
103.0 86.25
114.0 86.0
123.75 92.25
112.5 98.5
104.25 98.0
71.5 162.0
68.5 157.5
67.75 155.0
70.0 158.25
72.75 156.5
81.25 160.0
94.75 168.0
72.75 162.5
73.25 162.75
76.75 163.75
86.0 166.5
72.5 163.5
73.25 164.0
76.5 165.0
83.25 166.5
72.0 166.75
72.0 170.0
74.0 172.5
78.75 171.75
86.25 171.25
