25.0 48.5 161.0 161.0
64.75 84.25
63.0 78.75
62.75 77.5
65.5 82.75
76.0 80.5
82.25 76.75
95.0 73.25
111.5 78.25
125.75 82.5
70.25 98.5
66.5 108.0
59.5 123.75
54.75 139.75
71.25 140.0
69.75 145.0
68.5 147.25
75.0 146.5
87.25 144.0
70.5 99.5
66.25 92.75
69.0 92.25
74.25 100.0
70.0 103.5
68.75 103.25
91.25 101.0
92.75 92.0
101.75 91.25
112.0 96.5
102.0 103.75
95.0 103.5
76.0 165.75
71.5 162.25
68.75 160.75
70.25 163.75
72.25 162.25
79.75 165.5
93.25 172.25
75.5 167.0
74.75 167.5
77.25 168.75
85.5 171.0
75.5 167.75
74.75 168.75
77.25 169.75
83.0 171.0
75.5 170.75
74.5 174.25
76.0 177.0
79.5 176.25
86.0 175.5
