23.5 38.5 157.5 157.5
65.75 82.5
64.5 76.5
64.75 74.25
67.75 78.75
79.0 75.25
85.75 71.25
99.0 67.75
115.5 72.75
129.25 77.75
72.0 93.75
68.0 102.75
60.0 118.25
54.25 134.0
70.25 137.0
68.75 141.0
67.75 142.75
74.75 141.75
87.25 139.25
70.5 98.0
67.0 90.5
70.25 89.25
75.25 97.0
70.5 101.0
69.0 101.25
93.25 96.5
95.25 87.0
104.75 85.75
114.75 91.25
104.25 98.5
97.25 98.5
73.5 164.0
69.5 159.5
67.0 157.0
68.75 159.75
70.75 158.0
78.75 161.25
92.25 168.5
73.25 164.25
73.0 164.5
75.5 165.0
84.0 167.25
73.25 165.25
73.0 165.5
75.5 166.5
81.5 167.5
73.25 168.5
72.25 171.5
73.75 173.75
77.5 173.0
84.5 172.0
