25.5 43.5 168.0 168.0
80.0 66.25
80.75 59.25
81.5 56.5
82.75 60.5
94.0 59.0
101.5 57.0
115.0 57.0
128.5 66.25
140.0 75.25
81.5 74.5
74.5 81.25
61.75 92.5
51.0 105.0
65.25 116.0
62.25 118.0
60.75 118.5
67.25 119.5
80.0 120.75
79.25 82.0
78.5 73.0
81.75 72.25
83.75 80.5
78.0 83.5
76.75 83.75
100.5 83.25
105.25 74.75
114.25 75.5
122.0 84.0
109.75 87.5
103.0 86.0
58.75 142.75
56.5 136.5
55.0 132.5
55.5 135.0
58.0 133.75
64.25 138.75
74.5 150.25
58.5 142.25
57.75 141.5
60.0 142.5
67.25 147.0
58.0 143.0
57.5 142.5
59.5 143.75
65.0 146.5
56.75 146.25
54.75 148.25
55.5 150.5
59.25 150.25
66.0 151.5
