23.5 49.5 163.0 163.0
63.0 86.75
60.75 81.75
60.75 81.25
64.0 87.0
74.75 85.25
81.0 81.5
93.75 78.0
110.75 82.75
125.25 86.25
70.0 103.25
66.75 113.0
60.75 129.5
56.75 145.5
73.0 143.25
72.0 149.0
71.0 151.75
77.5 150.75
89.5 148.0
69.5 101.75
65.0 95.5
68.0 95.5
73.75 103.25
69.5 106.5
68.25 105.75
91.25 105.0
92.25 96.25
101.25 95.75
112.0 100.5
102.25 108.0
95.25 107.75
79.0 168.25
74.5 165.5
72.0 164.5
73.75 167.75
75.5 166.5
83.25 169.25
97.25 175.25
78.75 170.0
78.25 171.0
81.0 172.25
89.25 174.25
78.75 170.75
78.5 172.25
81.0 173.25
87.0 174.5
79.0 173.5
78.5 177.5
80.25 180.25
83.5 179.75
90.0 178.75
