24.5 46.0 156.0 156.0
72.0 69.0
74.5 62.25
79.0 59.0
83.0 63.5
96.0 59.75
103.0 56.5
117.75 54.5
132.0 60.25
149.0 66.75
85.25 79.0
81.5 86.75
73.25 99.25
66.0 114.5
70.5 125.25
72.5 128.5
75.0 129.0
81.75 129.0
93.75 125.75
72.5 87.25
72.0 76.25
77.25 75.25
82.0 85.0
73.0 88.0
69.75 89.0
104.0 83.25
109.5 71.75
123.5 68.75
134.75 77.75
119.5 83.0
109.5 83.75
67.0 151.75
66.0 146.0
68.0 142.5
71.75 145.25
76.25 143.25
86.75 146.75
100.75 156.25
69.25 151.0
72.0 150.5
77.25 151.25
90.0 154.5
69.0 152.0
71.75 151.75
76.75 152.5
86.25 154.25
66.75 155.75
68.0 157.5
71.5 159.75
77.75 159.0
89.75 159.25
