17.0 34.5 165.5 165.5
76.0 64.25
78.25 58.0
82.25 56.25
85.5 62.0
98.0 60.25
104.75 58.0
119.5 57.5
133.0 65.25
149.5 73.0
86.0 78.75
81.5 86.5
72.0 99.0
63.5 114.25
68.75 123.0
69.75 127.25
71.75 128.5
78.25 129.5
90.0 127.5
75.0 82.75
74.75 72.25
79.5 72.5
83.25 83.25
74.5 85.0
71.75 85.0
104.0 85.0
110.0 74.25
123.75 73.0
134.25 83.0
118.5 87.0
109.0 86.75
63.75 148.25
62.75 143.5
64.25 141.0
67.25 144.25
71.75 143.0
81.5 147.5
94.5 158.0
65.5 148.75
67.75 149.0
72.5 150.75
84.25 155.0
65.0 149.75
67.25 150.25
71.75 151.75
80.75 154.75
62.75 152.75
63.25 155.5
66.25 158.5
72.25 158.5
83.5 159.75
