21.5 39.5 153.5 153.5
75.25 69.5
74.25 64.25
74.25 63.5
75.25 70.0
82.75 68.75
88.0 65.75
99.5 64.75
111.0 71.75
128.0 77.75
75.0 87.75
70.75 96.25
62.25 109.75
55.5 125.5
67.75 130.0
66.25 135.25
66.25 137.25
71.5 137.75
80.75 135.75
76.25 87.75
72.5 78.75
74.25 79.5
77.25 90.5
71.75 91.75
71.5 91.25
90.75 92.75
94.0 81.75
103.75 80.5
115.0 89.25
100.5 95.0
93.5 94.75
67.75 153.0
63.75 150.0
62.25 148.75
63.75 152.25
66.75 151.0
75.0 155.25
87.75 164.25
65.75 155.0
66.0 156.0
69.0 157.75
79.25 161.75
65.5 156.0
65.5 157.0
68.75 158.75
76.0 161.5
64.75 158.5
63.25 162.0
64.75 165.0
69.0 165.5
78.75 166.25
