14.0 42.0 169.5 169.5
73.25 74.25
72.25 68.0
72.75 66.0
74.25 70.75
82.0 67.25
87.25 63.75
98.75 60.75
111.0 65.5
128.0 70.25
74.75 87.0
71.0 95.25
63.0 108.75
56.5 124.5
68.5 131.5
67.5 135.5
67.75 136.5
73.0 136.5
82.5 133.25
74.75 92.0
71.0 82.25
73.25 81.75
76.75 91.5
71.0 94.25
70.5 94.75
90.75 90.0
93.75 78.5
104.0 75.0
115.5 82.75
101.25 89.5
94.0 90.75
69.0 156.0
65.0 151.75
64.0 149.25
65.75 152.25
68.75 150.25
77.5 153.5
91.0 162.0
67.5 156.5
67.75 156.75
71.25 157.5
82.0 160.25
67.25 157.5
67.5 157.75
71.0 158.75
78.75 160.5
66.5 160.5
65.25 163.25
67.0 165.75
71.5 165.25
81.75 165.0
