16.0 32.0 158.5 158.5
72.5 68.25
73.5 62.75
76.25 61.5
79.25 67.75
90.25 66.0
96.5 63.25
110.25 62.0
124.0 69.0
141.25 75.5
80.5 85.5
76.5 93.75
68.0 107.5
61.0 123.5
69.0 129.5
69.5 134.5
71.0 136.0
77.0 136.75
88.0 134.25
73.25 87.0
71.25 77.25
75.25 77.75
79.5 88.75
71.75 90.5
69.75 90.0
98.25 90.5
103.0 79.25
115.75 77.75
127.0 86.75
111.75 92.25
102.75 92.25
67.25 153.75
64.75 150.0
65.25 148.25
68.0 152.0
72.0 150.5
81.5 154.5
95.0 163.5
67.75 155.25
69.25 156.0
73.75 157.5
85.25 161.25
67.25 156.25
69.0 157.25
73.25 158.75
81.75 161.0
65.75 159.0
65.75 162.25
68.5 165.25
74.0 165.5
84.75 166.0
