27.0 41.5 156.5 156.5
76.75 70.0
78.0 62.75
80.0 60.25
83.5 63.5
97.75 59.5
105.5 57.5
120.75 56.5
137.75 65.0
148.5 72.75
86.75 75.75
80.75 83.0
71.25 91.5
61.75 103.25
68.5 117.75
70.5 118.25
71.75 118.75
79.25 120.0
92.5 120.5
76.0 84.5
75.25 75.25
79.75 74.25
83.0 82.0
75.25 85.0
73.0 85.75
102.75 83.25
109.75 74.0
122.75 74.25
131.5 82.75
117.25 86.25
108.0 85.0
61.75 144.75
60.5 139.75
61.5 136.25
64.25 139.5
68.5 138.25
77.0 143.0
89.25 153.0
62.5 145.0
64.5 144.75
69.25 146.25
79.5 150.5
62.25 145.75
64.0 145.75
68.5 147.25
76.25 150.0
60.25 148.75
60.25 150.5
63.5 153.25
69.0 153.5
78.5 154.5
