24.0 30.5 165.0 165.0
69.25 85.0
66.75 79.0
65.75 77.75
68.25 81.0
77.0 75.0
82.5 71.5
95.25 66.5
112.75 70.5
125.5 74.5
72.75 93.0
68.75 102.0
61.5 113.5
55.75 127.5
71.0 135.25
70.75 136.75
70.5 138.0
77.0 137.5
88.25 135.25
72.5 99.0
68.0 91.5
70.0 90.5
74.25 97.5
69.5 101.5
69.25 102.0
88.5 96.25
91.5 86.0
101.75 83.75
112.5 89.25
100.0 96.75
92.25 97.25
73.25 161.0
69.25 158.0
67.25 155.75
69.25 158.75
72.25 157.25
80.25 160.0
94.0 166.0
71.75 162.5
72.0 162.75
75.75 163.75
85.25 165.5
71.75 163.25
72.0 163.75
75.5 164.75
82.25 166.0
71.25 166.0
70.5 168.75
73.0 171.25
77.0 170.75
85.25 169.75
