25.5 31.5 169.0 169.0
63.5 87.75
61.5 83.75
62.25 85.0
66.5 90.5
77.75 87.75
84.0 84.75
98.0 80.5
117.5 84.75
130.75 87.75
74.5 104.75
71.75 114.75
66.5 128.25
63.0 143.5
75.0 143.0
76.75 147.25
77.75 150.0
84.75 149.5
96.5 147.5
69.0 102.25
64.25 96.5
67.75 97.25
73.75 105.25
68.25 108.0
66.75 106.75
92.0 108.0
94.75 98.75
107.0 98.0
118.25 102.75
106.25 111.0
97.25 110.5
79.5 166.25
76.25 165.75
75.75 166.0
79.0 169.75
82.25 168.75
91.0 171.25
105.25 175.5
80.0 170.25
81.25 172.0
85.75 173.75
96.0 175.25
79.75 171.0
81.25 173.0
85.75 174.75
93.25 175.75
79.25 173.0
80.0 177.0
83.5 180.25
88.25 180.5
96.75 179.25
