20.0 49.5 152.5 152.5
77.75 70.75
78.25 63.75
79.25 61.25
81.75 64.25
94.25 59.75
101.5 57.75
116.0 56.25
132.5 64.5
143.5 72.0
84.25 76.25
77.75 83.5
68.0 91.75
58.25 103.5
67.5 118.0
68.25 118.25
68.75 118.75
76.0 119.75
88.5 120.25
77.0 85.25
75.75 76.0
79.25 74.75
82.0 82.5
75.0 85.5
73.5 86.5
99.25 83.25
106.0 74.0
118.0 74.0
126.75 82.5
112.5 86.0
103.75 84.75
61.5 144.5
59.25 139.5
59.5 136.0
61.5 139.0
65.25 137.75
73.25 142.5
85.25 152.5
61.0 144.5
62.25 144.25
66.25 145.75
76.0 150.0
60.75 145.25
61.75 145.25
65.75 146.75
73.0 149.5
59.0 148.25
58.5 150.0
61.0 152.75
66.0 153.0
75.0 154.0
