22.5 31.5 154.0 154.0
72.5 72.25
74.25 65.0
77.5 62.75
82.5 66.0
99.0 61.5
107.0 59.25
123.0 57.5
141.0 65.5
152.0 72.5
88.25 78.5
83.0 86.25
74.75 95.75
66.75 108.5
70.75 122.25
74.5 122.75
76.75 123.25
84.75 124.0
99.0 123.75
73.0 87.25
72.5 78.0
77.75 76.75
82.5 84.5
74.0 88.0
70.75 89.0
105.5 85.25
112.5 75.5
126.75 75.5
135.75 83.5
122.0 87.5
111.75 86.75
65.75 150.0
65.0 145.25
67.0 141.75
70.75 144.75
75.75 143.25
85.0 147.5
98.25 156.5
68.0 150.25
70.75 150.0
76.5 151.25
87.75 154.75
67.5 151.0
70.25 151.0
76.0 152.5
84.25 154.5
65.25 154.25
66.75 156.0
70.75 158.75
77.25 158.75
87.25 159.0
