25.0 47.5 153.5 153.5
67.25 82.0
66.75 75.5
68.25 73.5
72.5 76.5
85.5 70.5
92.5 67.0
107.5 62.75
126.25 67.75
138.5 72.5
79.0 88.75
74.75 97.75
67.75 109.0
61.75 123.0
71.5 132.75
73.75 134.0
75.0 134.75
82.5 134.25
95.75 132.25
70.25 96.75
67.5 88.25
71.25 87.0
76.5 94.25
69.75 98.5
68.0 99.25
96.25 92.75
101.0 82.25
113.75 80.25
124.25 86.5
111.25 93.25
101.75 93.75
72.0 160.0
69.5 156.25
69.75 153.5
73.0 156.5
77.0 154.5
86.0 157.5
100.25 164.0
72.75 161.0
74.5 160.75
79.5 161.75
90.25 163.5
72.5 161.75
74.25 162.0
79.25 162.75
87.25 164.0
71.25 164.75
72.0 167.0
75.75 169.5
81.0 168.75
90.5 167.75
