14.5 39.5 167.5 167.5
69.25 84.25
66.25 79.25
65.25 78.75
67.25 82.75
75.5 78.0
80.75 74.75
93.25 70.5
110.75 75.0
123.75 79.0
72.0 95.5
68.0 104.75
61.0 116.75
55.5 131.0
71.25 136.25
70.75 138.75
70.25 140.5
76.75 140.25
87.5 138.5
72.75 98.75
67.75 91.75
69.75 91.25
73.75 98.75
69.5 102.25
69.25 102.0
87.25 99.25
90.0 89.5
100.0 88.0
111.0 93.5
98.5 101.0
91.0 101.0
74.25 161.25
69.75 159.0
67.75 157.5
69.5 161.0
72.25 159.5
80.25 162.5
93.75 168.75
72.5 163.5
72.5 164.25
76.0 165.75
85.25 167.75
72.25 164.25
72.5 165.25
75.75 166.75
82.5 168.25
72.0 166.75
71.0 169.75
73.5 172.75
77.25 172.5
85.25 172.0
