26.5 39.0 156.5 156.5
65.5 80.0
63.75 75.75
63.75 77.0
66.75 82.0
78.5 80.75
86.0 79.5
101.0 76.5
121.25 82.75
135.0 88.0
70.5 96.0
66.25 105.75
57.25 121.0
50.75 139.0
70.75 138.75
68.75 144.5
67.75 147.75
75.0 147.25
86.5 145.0
72.5 95.0
69.0 88.5
72.25 89.0
76.5 97.5
72.5 100.25
70.75 99.25
95.0 101.75
98.0 93.5
108.75 93.75
119.75 99.75
107.5 106.5
99.25 105.5
76.25 161.25
72.25 160.75
70.25 162.25
72.75 166.5
75.0 165.5
84.25 167.75
98.25 172.75
75.75 165.5
75.75 168.0
79.25 170.0
89.25 172.0
75.5 166.25
75.75 169.0
79.0 171.0
86.25 172.5
75.25 167.75
74.5 172.5
77.0 176.0
81.5 176.5
89.5 176.0
