27.0 42.0 164.0 164.0
64.25 91.25
60.5 87.0
58.5 87.75
60.25 91.5
67.5 87.75
73.5 84.75
85.5 78.75
104.5 81.0
119.0 83.75
64.25 104.0
61.25 113.5
54.75 129.5
50.75 147.5
74.25 145.75
71.5 151.25
69.75 154.25
76.0 152.75
85.75 148.5
73.0 104.5
67.25 98.5
69.0 98.0
73.5 105.25
71.5 109.0
71.0 108.5
87.25 105.0
87.75 96.25
96.25 94.5
107.75 98.25
97.75 107.0
91.0 107.75
84.5 167.5
79.5 167.25
76.0 168.5
78.0 172.0
79.5 170.5
87.75 171.5
102.0 174.5
83.0 171.25
82.25 173.5
84.75 174.75
94.0 175.25
83.0 172.0
82.25 174.25
84.75 175.5
91.25 176.0
83.5 173.75
82.25 178.25
84.0 181.0
87.5 180.75
94.75 179.25
