16.0 49.5 156.5 156.5
67.25 86.5
63.5 81.5
61.25 81.5
62.5 85.25
69.5 81.25
75.5 78.75
87.75 73.75
106.0 77.25
120.25 81.0
65.0 97.5
61.0 106.75
53.0 121.75
47.25 139.25
71.25 140.75
67.75 145.5
65.5 148.0
71.75 147.0
82.0 143.5
74.5 100.25
69.25 93.5
70.75 93.0
74.5 100.25
72.25 104.0
72.0 103.75
87.5 100.5
88.75 91.75
97.0 90.0
107.75 95.0
97.25 102.75
90.75 103.25
79.5 163.75
74.5 162.75
70.75 163.25
72.25 166.75
73.75 165.25
81.75 166.75
95.5 171.25
77.5 167.0
76.25 168.75
78.5 170.0
87.5 171.25
77.5 167.75
76.25 169.75
78.5 171.0
85.0 171.75
77.75 169.5
75.75 173.5
77.25 176.5
80.75 176.25
88.0 175.25
