23.5 44.0 159.5 159.5
60.5 87.25
60.0 82.0
62.25 82.0
67.5 85.75
82.75 81.25
91.5 78.5
107.5 73.0
129.0 76.75
142.5 80.5
74.75 98.75
72.0 108.5
65.25 125.0
61.0 144.25
76.75 144.5
77.25 149.75
77.5 152.25
85.5 150.5
98.0 145.75
69.0 101.75
66.25 94.5
71.25 94.0
77.5 101.5
72.25 105.75
69.0 105.5
101.0 101.0
103.75 91.75
116.5 90.0
127.75 94.75
116.0 103.0
106.5 103.75
83.25 168.25
80.5 167.5
80.25 168.25
84.25 171.5
87.25 169.75
97.5 170.25
112.75 173.25
85.0 171.75
86.5 173.5
91.25 174.25
102.5 174.5
84.75 172.5
86.75 174.5
91.25 175.25
99.5 175.25
84.25 174.5
85.25 178.75
89.25 181.25
95.0 180.5
103.75 178.5
