24.5 41.0 161.0 161.0
69.25 77.0
69.0 69.75
70.0 67.5
73.25 69.5
86.5 64.25
94.75 62.25
110.25 58.75
129.75 64.75
142.5 71.25
76.0 80.5
70.75 88.25
60.25 101.0
51.0 117.5
69.0 128.25
67.25 131.0
66.25 131.75
74.25 131.25
87.0 128.75
74.0 92.0
72.25 82.75
76.25 81.25
80.0 88.25
74.75 93.0
72.5 94.0
100.25 87.25
104.25 78.25
116.0 76.5
126.0 83.25
113.25 89.25
104.5 89.5
70.75 155.75
67.5 152.25
66.0 150.5
68.5 153.5
71.75 151.5
81.5 153.75
95.75 160.25
70.5 157.0
71.0 157.5
75.0 158.25
85.75 160.0
70.25 157.75
71.0 158.5
74.75 159.25
82.75 160.25
69.5 160.5
68.75 163.0
71.5 165.25
76.75 164.75
85.75 164.25
