22.0 43.5 162.0 162.0
74.0 77.25
71.75 71.0
69.75 69.0
70.25 71.5
78.5 66.75
85.0 64.75
98.0 61.0
115.25 66.75
128.25 73.25
70.25 82.5
64.5 90.25
53.25 102.5
43.5 118.25
66.5 128.0
62.25 130.75
59.5 131.75
66.25 131.5
77.0 129.5
78.0 92.0
74.5 83.5
76.25 82.0
78.5 89.25
75.5 93.5
75.0 94.25
91.75 88.75
95.0 80.0
103.75 78.75
113.25 85.25
101.25 91.25
94.5 91.25
69.5 153.75
64.75 150.75
61.0 149.25
61.75 152.25
63.75 150.75
71.5 153.25
84.5 160.25
66.75 155.25
65.25 156.0
67.5 157.0
76.5 159.5
66.5 156.0
65.0 157.0
67.25 158.0
73.5 159.5
66.5 158.5
63.75 161.25
64.75 163.5
68.5 163.5
76.0 163.5
