14.0 46.0 163.0 163.0
63.5 84.75
61.0 81.25
60.25 83.25
63.25 88.5
73.75 87.5
81.0 85.75
95.0 82.0
115.25 87.0
129.5 91.0
67.75 102.75
64.25 112.5
56.75 128.5
52.0 146.75
73.0 143.5
71.0 149.75
69.75 153.25
76.75 152.5
87.5 149.5
71.75 99.0
67.25 93.5
70.0 94.0
75.0 102.5
71.5 105.0
70.25 103.75
92.25 106.5
94.0 98.25
104.5 98.5
115.75 103.5
104.25 110.75
96.5 110.25
80.75 164.5
76.5 164.5
74.0 166.75
76.5 170.75
78.5 170.0
87.5 171.75
101.5 175.75
80.0 169.0
80.0 171.75
83.25 173.75
93.0 175.25
80.0 169.75
80.0 172.75
83.25 174.75
90.25 175.75
80.0 171.0
79.25 176.0
81.5 179.5
85.75 180.0
93.5 179.25
