24.5 48.0 156.5 156.5
79.0 72.0
77.75 65.5
77.0 62.5
78.0 65.0
85.5 59.75
89.75 57.5
102.25 53.0
116.25 58.0
131.0 66.25
79.0 76.5
72.75 83.75
61.75 93.0
52.25 103.0
65.25 115.75
63.5 115.75
62.0 116.0
67.75 116.25
78.0 116.0
80.75 89.0
77.25 79.0
79.25 77.5
81.5 83.75
77.0 88.0
76.75 89.75
94.5 81.75
98.25 72.75
106.5 71.0
115.75 78.75
103.0 83.0
96.75 83.0
64.25 142.5
59.25 136.5
56.5 132.25
57.0 134.75
60.0 132.75
67.75 137.5
80.75 147.25
60.25 141.75
59.0 141.0
61.75 141.75
71.25 145.75
59.75 142.75
58.5 142.0
61.0 143.0
68.0 145.5
59.0 146.5
55.5 147.5
56.0 150.0
60.25 149.5
69.75 150.25
