15.5 45.5 158.0 158.0
62.0 81.25
61.5 76.75
64.5 77.25
69.5 82.25
82.25 79.5
88.0 77.25
103.25 72.25
122.25 76.25
139.0 81.25
78.0 96.75
74.5 106.5
67.75 120.25
62.25 134.25
71.0 136.25
73.5 139.75
74.75 142.0
82.0 141.75
95.0 140.5
69.5 98.25
65.25 91.25
69.5 91.0
76.25 98.5
69.75 102.0
67.75 101.75
98.75 100.0
101.5 91.25
113.75 90.5
125.25 96.0
112.75 103.0
104.0 102.5
76.75 160.75
72.75 158.75
72.25 158.0
76.0 161.75
79.75 160.0
90.75 163.0
106.5 168.25
76.75 164.25
78.0 165.75
83.25 167.0
95.5 169.0
76.5 165.0
78.0 167.0
83.0 168.5
92.0 169.5
75.75 168.0
75.75 172.25
79.5 175.75
85.25 175.25
96.0 173.75
