24.5 32.5 155.0 155.0
66.25 76.75
64.75 72.75
66.0 73.75
69.5 79.5
79.5 78.0
84.75 76.5
98.75 72.75
116.5 78.5
133.25 84.5
75.5 94.5
71.25 103.75
63.25 116.75
56.75 129.75
68.5 131.75
69.0 135.75
69.0 138.5
75.75 138.75
87.5 139.0
72.5 94.0
67.75 86.75
71.0 87.25
76.25 95.5
70.75 98.0
69.75 97.5
94.5 99.5
97.25 91.25
108.0 91.5
119.25 98.0
106.5 104.0
98.75 102.5
73.0 155.75
68.25 153.75
66.5 153.5
69.0 157.5
72.25 156.5
82.0 160.5
97.25 167.25
71.25 159.5
71.5 161.25
75.5 163.5
87.0 166.5
71.0 160.5
71.25 162.5
75.25 164.75
83.5 166.75
70.75 163.0
69.25 167.25
71.75 171.25
76.75 171.5
87.0 171.25
