19.5 30.0 163.5 163.5
67.5 75.5
68.75 69.25
72.5 66.5
77.25 69.75
93.0 66.25
101.25 64.25
117.25 62.0
134.75 68.75
150.75 75.25
82.0 82.0
76.75 89.75
66.25 102.25
57.75 118.5
70.5 126.25
72.0 130.5
73.5 132.75
82.75 131.75
97.25 128.25
72.0 91.25
70.25 82.25
76.0 81.0
82.25 88.75
74.0 93.0
70.75 93.5
105.75 90.0
110.5 80.75
124.5 80.25
135.25 87.5
121.25 93.25
111.25 92.5
71.75 152.25
71.0 149.25
72.0 148.5
76.5 152.0
81.5 150.5
91.0 152.0
104.75 158.0
74.5 153.0
76.75 153.75
82.5 155.0
94.25 156.75
74.0 153.5
76.5 154.5
82.25 155.75
90.75 156.75
72.25 155.5
73.25 158.0
77.5 159.5
84.0 160.0
94.0 160.0
