17.5 41.5 153.5 153.5
65.5 86.25
63.75 80.75
63.5 78.75
66.0 82.25
75.5 78.0
81.5 75.0
94.5 70.5
111.25 74.25
128.75 77.75
69.75 94.25
65.25 103.25
56.25 117.5
49.75 134.5
71.0 136.0
69.75 141.25
69.5 144.0
76.75 142.25
88.5 137.5
73.25 99.75
67.75 92.75
70.75 91.5
76.5 98.25
71.5 102.75
70.5 103.0
92.5 98.25
94.25 88.75
104.75 87.25
116.75 92.25
104.5 100.25
96.5 100.5
78.25 159.25
75.25 157.5
73.25 157.75
76.25 161.0
79.5 159.5
87.5 160.25
101.0 164.25
77.75 161.0
78.0 162.25
82.0 163.25
92.0 164.0
77.75 161.5
78.0 163.0
81.75 164.0
89.0 164.5
77.0 163.25
76.25 166.25
78.5 167.75
83.5 168.25
91.75 167.25
