15.5 33.0 159.0 159.0
69.5 78.0
67.75 73.25
67.0 73.0
69.0 77.75
77.75 76.75
83.75 75.25
96.5 73.25
112.75 80.25
129.5 85.75
70.75 91.5
65.25 100.0
54.75 113.75
46.75 130.0
68.75 130.5
66.5 136.75
65.5 140.5
72.5 140.0
84.25 137.5
75.75 92.25
70.75 85.5
73.25 85.75
78.0 93.75
73.0 96.75
72.5 95.75
92.75 98.75
95.0 90.25
105.0 91.5
116.25 98.0
103.25 104.0
96.0 102.25
74.0 152.75
70.75 151.5
68.25 152.5
70.75 157.0
73.5 156.5
81.0 158.5
93.75 164.5
72.75 155.5
72.5 157.75
76.0 160.0
85.25 162.5
72.5 156.0
72.25 158.5
75.5 160.5
82.25 162.5
72.0 157.25
70.5 161.0
72.25 163.75
76.75 165.25
84.5 165.75
