17.5 42.5 158.0 158.0
75.25 70.5
76.25 63.75
78.25 60.25
81.25 62.75
94.25 59.25
101.75 57.75
116.5 56.25
132.25 64.25
147.5 72.75
82.5 73.5
75.75 80.0
63.0 89.75
51.5 103.5
67.5 116.25
66.25 119.25
66.25 120.75
74.75 120.75
89.0 118.75
77.75 86.0
76.0 76.5
80.5 75.0
84.5 82.5
77.25 86.25
75.0 87.25
104.0 83.75
109.0 74.75
121.25 75.0
131.0 83.25
116.75 87.25
108.0 86.25
65.75 142.75
64.5 139.0
63.75 137.0
66.75 140.25
71.25 139.0
79.75 141.5
92.25 149.5
66.5 142.5
67.5 143.0
72.0 144.25
82.5 147.25
66.0 143.25
67.0 143.5
71.5 144.75
79.25 146.75
64.5 145.25
63.75 146.5
66.75 148.0
72.25 149.0
81.5 150.0
