18.5 32.0 157.0 157.0
63.75 82.75
61.25 80.0
62.0 83.0
65.25 85.0
76.75 80.25
84.0 79.75
96.0 75.25
113.25 76.0
131.25 80.25
69.0 92.0
65.25 101.25
59.25 116.5
53.75 135.75
69.25 135.75
69.0 139.5
69.0 142.25
76.0 141.0
87.0 137.75
73.5 97.25
67.5 91.25
70.75 91.0
77.0 96.5
72.25 100.75
71.0 101.0
94.0 97.25
96.25 90.0
105.75 90.0
118.5 94.5
105.75 101.5
98.25 100.5
74.5 158.25
71.0 156.5
69.25 156.25
72.0 160.0
75.25 158.5
83.5 161.0
97.0 167.25
74.25 161.5
74.5 163.5
78.75 164.75
88.5 166.75
74.0 162.5
74.5 164.5
78.75 166.0
85.75 167.25
73.5 164.75
72.5 169.0
75.5 172.5
80.75 172.5
88.75 171.5
