27.0 40.0 163.0 163.0
77.0 67.5
76.0 62.75
76.5 63.25
79.25 64.25
93.25 59.25
100.5 59.5
113.75 57.25
130.0 62.25
145.25 71.75
81.5 69.25
74.75 76.0
64.0 87.0
52.0 102.5
65.25 113.75
64.25 114.75
63.75 116.0
71.25 116.0
83.5 115.25
81.0 84.5
77.75 75.25
81.75 74.25
85.75 80.25
79.5 84.5
77.75 85.75
103.25 81.0
108.25 74.0
118.0 74.25
128.25 82.5
114.0 85.5
106.75 84.0
61.25 139.0
59.0 134.25
58.25 131.5
60.25 134.5
64.25 133.0
71.5 137.0
82.75 147.0
60.5 139.75
61.0 140.0
65.0 141.25
74.25 145.25
60.25 140.5
60.5 141.0
64.5 142.5
71.25 145.0
58.5 143.5
56.5 145.75
58.75 148.5
64.25 148.75
73.0 149.75
