20.0 35.5 162.5 162.5
70.5 78.0
67.75 74.0
67.5 75.0
69.5 75.75
79.75 69.0
86.25 68.25
98.0 63.5
114.0 65.25
131.0 71.25
71.5 81.0
66.0 89.0
58.0 102.25
49.25 119.75
66.25 126.5
64.75 128.25
63.75 129.75
70.5 128.75
81.25 125.75
77.75 93.5
72.0 85.75
75.0 84.25
79.75 89.5
75.0 94.5
74.25 95.75
94.25 88.0
97.0 80.25
105.5 79.25
117.25 85.25
104.25 91.0
97.5 90.5
68.5 151.0
64.75 147.5
62.25 145.25
64.25 148.25
67.25 146.25
74.5 149.0
87.0 156.75
66.75 152.5
66.5 153.0
70.0 154.0
79.0 156.25
66.5 153.25
66.25 154.25
69.75 155.25
76.25 156.5
66.0 156.25
63.75 159.0
65.75 162.0
70.5 161.5
78.5 161.0
