20.0 42.5 162.0 162.0
62.5 79.0
61.25 76.25
64.25 79.25
69.25 81.75
86.0 77.75
94.75 77.5
109.0 73.75
127.5 75.75
144.75 81.0
75.5 89.25
71.25 98.5
65.0 113.75
59.0 133.75
70.0 134.0
71.5 138.0
72.75 141.0
81.0 139.75
93.5 136.75
71.25 94.75
67.0 88.25
72.0 88.0
79.0 94.0
72.5 98.25
69.75 98.25
101.5 95.75
105.5 88.75
117.5 89.25
129.75 94.5
116.0 100.75
107.0 99.5
72.5 157.5
70.5 155.5
70.75 155.25
75.0 159.25
79.25 157.75
88.5 160.25
102.5 166.75
74.25 160.75
76.25 162.75
81.75 164.25
92.75 166.25
74.0 161.75
76.0 163.75
81.5 165.5
89.75 166.75
72.75 164.0
73.25 168.5
77.5 172.25
84.0 172.25
93.25 171.25
