15.0 31.0 158.0 158.0
67.5 78.25
64.75 75.5
64.5 78.5
67.0 80.75
77.25 76.75
84.0 76.75
95.75 73.0
112.25 75.0
130.0 80.5
69.5 88.0
64.75 96.75
57.75 111.0
50.5 129.75
67.5 131.0
66.25 134.75
65.5 137.5
72.25 136.75
83.0 134.5
76.0 93.5
70.0 87.25
73.0 87.0
78.25 92.75
73.75 97.0
73.0 97.0
93.25 94.75
95.5 87.75
104.25 88.5
116.5 94.0
103.75 99.75
96.75 98.25
71.25 153.75
67.5 151.75
65.25 151.5
67.5 155.25
70.25 154.0
77.75 157.0
90.5 164.25
70.25 157.0
70.0 158.75
73.5 160.5
82.5 163.25
70.0 157.75
69.75 159.75
73.25 161.75
80.0 163.5
69.5 160.0
67.75 164.25
70.0 168.0
74.5 168.25
82.5 168.0
