23.5 44.0 154.0 154.0
72.0 70.5
70.25 66.75
71.0 68.75
73.75 71.0
87.25 67.25
94.75 67.75
107.75 65.5
124.5 69.75
141.0 78.0
76.5 77.75
70.5 85.5
61.25 98.5
51.25 116.0
65.75 121.75
65.0 124.5
64.5 126.75
72.0 126.75
83.75 125.5
78.0 87.0
73.75 79.25
77.5 79.0
82.25 85.25
76.5 89.0
74.75 89.5
99.75 87.75
104.0 81.0
113.75 82.25
125.0 89.5
111.0 93.5
103.5 91.5
65.0 146.0
62.25 142.75
61.0 141.5
63.25 145.25
67.0 144.0
74.75 148.0
86.75 157.0
64.5 148.5
64.75 149.75
69.0 151.5
78.25 155.25
64.0 149.25
64.25 150.75
68.5 152.75
75.5 155.0
63.0 151.75
61.25 155.25
63.5 158.75
69.0 159.25
77.5 159.75
