26.5 33.0 160.0 160.0
71.75 72.75
72.5 65.75
74.75 61.75
79.0 65.0
92.5 59.5
99.5 55.25
114.25 54.0
129.75 62.0
144.25 70.0
83.25 78.75
76.75 87.0
66.25 98.0
58.5 110.75
67.5 123.0
68.25 124.5
69.5 124.5
77.5 125.25
91.5 124.25
73.75 88.75
71.25 79.75
75.75 78.25
81.0 86.0
74.0 90.0
71.5 90.75
101.25 85.25
106.0 75.0
118.0 75.0
129.0 82.5
114.75 87.5
106.25 86.5
63.5 151.0
61.5 144.5
61.75 140.0
64.75 142.75
69.5 140.75
79.25 145.75
92.25 155.5
64.0 149.75
65.5 148.75
70.75 149.5
82.25 153.5
63.5 150.5
65.0 149.75
70.25 150.75
79.0 153.25
61.75 154.5
61.5 155.5
64.75 158.0
71.0 157.5
81.5 158.0
