14.5 38.0 166.5 166.5
65.25 77.5
66.0 71.25
69.25 68.25
75.25 72.75
90.75 68.0
98.25 63.5
114.25 61.75
131.5 69.0
146.75 75.5
82.75 88.0
78.0 97.5
69.5 110.75
64.0 125.5
70.75 132.5
73.5 135.5
75.75 136.5
84.25 136.5
99.25 134.5
69.5 93.75
66.75 86.0
72.25 85.0
79.25 93.25
71.5 97.0
68.25 97.0
103.0 93.25
107.25 83.25
121.0 83.0
132.5 89.25
118.75 95.75
109.25 95.0
70.25 160.0
68.5 155.25
69.5 152.0
73.75 155.25
79.0 153.25
89.75 157.5
104.0 165.25
72.0 160.5
74.5 160.25
80.75 161.25
93.25 164.0
71.75 161.25
74.25 161.5
80.5 162.5
90.0 164.25
70.25 164.75
71.5 167.25
75.75 170.0
82.5 169.25
93.5 168.75
