21.5 49.0 162.0 162.0
65.75 78.0
64.75 74.75
66.25 75.0
69.5 76.25
81.0 70.0
88.0 69.25
100.5 65.25
116.25 66.75
135.5 71.5
73.5 80.5
68.0 88.75
58.25 100.5
49.75 115.25
68.5 125.0
66.5 127.0
65.25 126.75
72.75 127.75
86.0 125.5
74.75 92.25
70.25 84.75
74.25 83.5
80.25 88.25
75.0 93.5
73.0 94.5
99.0 87.75
101.0 80.5
110.25 78.75
121.75 84.5
109.75 91.0
102.5 90.5
71.25 153.0
65.75 148.25
63.75 145.25
66.25 148.75
69.75 146.5
80.25 150.0
97.25 158.75
68.5 153.0
68.5 152.75
72.75 153.75
85.25 156.75
68.25 153.75
68.25 153.75
72.25 154.75
81.25 156.75
67.75 156.5
66.0 158.5
68.25 160.5
73.75 160.5
85.0 160.75
