16.0 37.0 153.0 153.0
61.25 85.25
59.0 84.0
59.75 87.75
62.75 90.5
71.75 88.0
78.0 88.0
89.0 84.5
104.75 85.25
124.75 86.75
66.75 97.25
63.0 107.25
55.75 121.5
50.5 138.0
71.5 136.75
69.25 142.0
67.75 144.25
74.75 144.75
86.5 142.0
72.75 97.25
66.5 92.5
69.75 92.75
76.25 97.75
72.5 102.0
71.25 101.25
92.75 101.75
93.0 95.75
101.25 95.75
113.75 99.5
103.25 106.75
96.25 105.5
79.75 159.75
73.25 158.5
70.25 159.25
72.75 163.5
75.25 162.25
85.5 165.25
102.75 171.0
76.5 163.25
76.0 165.5
79.5 167.25
91.5 170.0
76.25 164.0
75.75 166.5
79.5 168.25
87.75 170.0
76.5 166.0
74.75 170.25
76.75 173.5
81.75 174.0
91.75 173.75
