26.0 49.5 162.0 162.0
63.25 80.5
61.25 79.0
62.0 82.5
64.75 85.5
74.5 83.5
81.0 84.0
92.5 81.0
108.25 83.0
128.0 86.25
68.75 92.5
64.25 102.0
55.75 115.75
49.0 131.75
70.0 132.5
67.5 137.25
65.75 139.5
73.0 140.5
85.0 138.75
74.0 93.25
68.0 88.0
71.5 88.5
77.5 93.75
73.5 97.75
72.25 97.25
94.25 98.75
95.25 92.75
103.75 93.25
115.75 98.0
104.75 104.5
97.75 102.75
76.0 156.25
70.0 154.5
67.0 154.75
69.25 159.25
72.0 158.25
82.0 161.75
99.0 169.0
72.75 159.5
72.25 161.5
75.75 163.75
87.5 167.0
72.5 160.25
72.0 162.5
75.5 164.5
84.0 167.0
72.5 162.25
70.5 166.25
72.5 169.5
77.5 170.5
87.5 171.0
