14.0 32.5 168.0 168.0
69.0 72.75
67.75 70.25
68.25 72.25
70.75 74.5
81.0 71.5
87.5 71.75
99.5 69.5
115.0 73.0
134.0 79.0
73.5 80.5
67.5 88.75
57.0 100.5
47.75 115.0
67.5 122.5
64.5 125.75
62.75 126.5
69.75 128.25
82.5 127.5
77.5 87.25
72.75 80.5
76.25 80.25
81.5 86.0
76.75 90.25
75.25 90.25
98.0 89.75
100.25 83.25
108.75 83.75
120.0 90.25
107.75 95.5
101.0 93.5
69.25 149.0
63.75 145.0
61.0 143.5
62.75 147.5
65.75 146.25
75.5 151.0
91.5 160.75
65.75 150.0
65.0 151.0
68.75 153.0
80.0 157.5
65.5 150.75
64.75 152.0
68.25 154.0
76.5 157.0
65.0 153.25
62.5 156.0
64.25 159.0
69.25 160.0
79.5 161.5
