15.0 31.5 152.5 152.5
60.75 82.25
60.25 79.0
63.75 79.75
68.25 80.75
82.25 74.25
90.25 73.25
103.75 68.5
120.75 69.0
139.75 72.5
74.25 85.25
70.0 94.25
62.0 107.25
55.25 123.0
71.25 130.5
71.0 133.0
71.0 133.25
79.25 133.5
93.0 130.25
71.0 95.75
66.75 88.75
71.75 87.25
78.75 92.0
73.25 97.5
70.25 98.5
101.5 90.75
103.5 83.25
114.5 81.25
126.25 86.25
114.5 93.5
106.0 93.25
75.5 158.25
70.75 154.25
70.0 152.0
74.0 155.25
77.75 153.0
89.5 155.25
107.5 162.5
74.5 158.75
75.75 159.0
81.0 159.75
94.5 161.5
74.25 159.5
75.5 160.0
80.75 160.75
90.5 161.75
73.5 162.5
73.25 165.0
76.75 167.0
83.25 166.5
94.75 165.75
