25.0 39.0 162.0 162.0
64.75 72.5
65.75 68.75
71.0 69.5
76.5 71.0
94.25 66.0
103.25 65.75
118.5 63.0
135.5 66.25
153.0 72.75
83.5 76.0
78.5 83.75
69.25 95.25
60.75 110.0
71.5 121.75
72.75 123.5
74.0 123.25
82.5 124.5
97.5 123.0
72.5 88.0
70.5 79.75
76.75 79.0
83.75 84.5
76.25 89.5
72.25 90.5
110.25 85.5
114.0 78.25
126.5 77.5
137.25 84.25
124.25 89.75
115.0 88.5
70.25 151.0
67.5 145.75
69.0 142.5
73.25 146.0
78.25 144.0
90.5 148.0
107.25 157.75
71.25 150.75
73.75 150.5
79.75 151.5
94.0 155.25
71.0 151.5
73.5 151.5
79.5 152.75
90.0 155.0
69.25 154.5
69.75 156.5
74.0 158.75
81.5 158.75
94.0 159.25
