25.5 32.0 158.5 158.5
60.0 81.75
59.5 79.25
63.25 81.25
67.75 83.25
82.0 78.25
90.25 77.75
103.75 73.75
121.0 74.75
140.25 78.0
74.25 88.75
70.0 98.25
62.25 112.0
55.75 128.25
71.75 132.5
71.5 136.25
71.75 137.25
79.75 137.75
93.5 134.75
70.5 95.25
66.25 89.0
71.5 88.25
78.5 93.25
73.0 98.25
70.0 98.5
101.5 94.25
103.75 87.5
114.75 86.5
126.5 91.0
114.75 98.25
106.25 97.5
76.25 159.0
71.75 156.0
71.0 155.0
75.0 158.75
78.75 156.75
90.25 159.5
108.0 166.25
75.5 160.75
76.75 161.75
82.0 163.0
95.5 165.25
75.25 161.5
76.5 162.75
81.5 164.0
91.5 165.25
74.5 164.0
74.25 167.5
77.75 170.0
84.25 170.0
95.75 169.25
