25.5 47.0 163.0 163.0
67.75 75.25
67.5 68.75
70.0 66.25
74.25 68.75
88.25 64.5
95.25 62.5
111.75 59.5
132.25 66.75
147.5 73.0
79.5 80.25
74.0 87.75
63.5 97.0
55.0 108.0
67.5 123.75
67.75 124.5
68.5 124.0
77.0 124.75
91.5 123.25
72.75 91.75
69.75 81.75
75.0 80.25
81.0 88.25
73.0 93.5
70.5 94.25
103.25 87.75
107.25 77.75
121.0 77.0
133.0 85.5
117.25 91.75
107.75 90.75
65.0 152.5
62.5 146.0
62.5 141.5
65.75 143.75
70.0 141.75
80.0 146.75
94.5 157.25
65.75 151.0
67.0 149.5
72.25 150.0
84.0 154.5
65.5 151.75
66.75 150.5
71.75 151.25
80.5 154.0
64.25 155.5
64.25 156.0
68.0 158.25
74.0 157.75
83.75 159.0
