18.5 48.5 168.0 168.0
70.5 71.75
69.5 66.25
70.75 65.5
73.75 69.25
86.25 67.5
92.5 66.25
108.25 65.0
128.0 73.75
143.5 80.75
77.75 82.25
71.75 90.0
60.75 99.25
51.5 110.75
66.5 123.0
65.25 125.25
65.25 125.75
73.0 127.25
86.75 127.0
75.0 88.25
71.5 79.25
75.75 79.0
81.25 87.75
73.75 91.75
72.0 91.75
100.75 91.0
104.5 82.0
117.0 83.0
128.75 92.0
113.0 97.5
104.25 95.25
63.5 150.25
60.25 145.0
59.5 141.75
61.75 144.75
65.5 143.75
74.75 149.5
88.25 160.5
63.0 150.25
63.5 149.75
67.75 151.25
78.5 156.75
62.75 151.0
63.25 150.75
67.5 152.5
75.25 156.0
61.75 154.0
61.0 155.5
63.75 158.5
69.0 159.25
78.0 161.0
