24.0 42.5 163.0 163.0
62.75 82.5
61.0 77.75
62.25 77.5
66.5 81.5
78.5 78.5
84.75 76.25
100.25 72.5
121.75 78.0
138.25 81.5
73.25 94.25
68.75 103.0
60.0 114.75
53.25 128.0
69.75 135.25
69.5 138.25
69.5 139.5
77.75 139.5
91.25 137.0
70.75 97.75
65.5 90.25
70.0 89.75
77.0 97.5
70.5 102.5
68.5 102.25
97.5 98.5
99.5 89.25
112.25 88.75
125.75 95.25
111.25 103.5
102.0 102.5
72.5 161.75
68.5 157.75
67.25 155.75
70.25 158.5
73.75 157.0
83.75 161.0
99.0 169.0
72.0 162.5
72.75 162.5
77.5 163.75
89.0 167.0
72.0 163.25
72.75 163.5
77.25 164.75
85.5 167.0
71.75 166.25
71.25 168.5
74.75 171.25
80.0 171.0
89.25 171.5
