75.5 45.0 148.5 148.5
137.5 65.25
147.75 60.75
160.5 62.75
167.75 69.0
175.75 68.5
176.75 67.75
176.25 68.25
175.0 74.5
168.75 80.5
174.25 84.25
180.5 92.25
192.0 102.25
201.0 113.25
174.0 125.0
183.5 125.75
189.0 125.5
187.5 125.25
186.0 122.25
136.25 86.75
154.25 86.5
154.25 86.0
159.0 86.25
156.25 87.0
148.75 88.0
171.75 89.0
174.75 88.25
176.75 89.0
172.75 88.75
177.75 90.25
175.5 89.25
165.25 160.75
175.25 152.25
187.25 142.75
193.75 142.0
193.0 140.0
188.0 144.25
178.75 152.25
179.5 152.25
187.5 149.0
190.0 147.25
183.5 149.5
177.0 167.5
187.75 168.25
189.75 166.5
184.5 161.5
173.0 168.25
186.75 173.25
192.75 173.25
191.0 169.0
183.25 160.25
