59.5 50.0 166.5 166.5
113.5 80.0
127.5 75.25
145.25 76.75
157.0 82.5
175.75 78.75
180.5 76.5
186.0 74.25
189.25 78.75
185.75 82.5
166.75 97.5
171.0 107.5
179.5 121.25
185.25 135.5
152.25 142.5
165.25 144.0
173.0 144.25
175.25 142.25
179.5 136.75
112.0 100.5
126.0 91.25
138.0 90.75
144.75 99.25
134.5 103.5
122.75 104.25
172.5 98.0
177.0 89.5
185.25 88.75
183.5 93.25
183.25 99.25
178.25 99.5
141.5 173.0
154.0 168.0
166.0 163.5
173.0 164.25
176.75 160.5
179.25 159.75
177.0 160.75
158.0 171.0
167.0 169.25
172.75 167.25
175.0 164.25
158.0 171.75
167.25 170.25
173.0 168.25
175.25 165.75
154.0 176.0
165.5 176.5
171.75 176.25
175.75 172.5
176.5 167.5
