61.5 36.0 167.5 167.5
128.25 68.0
139.5 62.25
153.75 62.75
162.75 68.25
173.25 66.25
175.0 65.0
176.0 64.75
176.25 71.0
171.0 76.75
171.25 83.0
177.75 91.0
189.5 101.0
198.75 112.25
171.0 125.5
181.25 125.5
187.25 125.0
186.75 124.25
186.0 120.75
128.5 89.5
140.25 78.0
149.0 77.75
154.25 86.5
148.5 90.0
139.25 91.25
170.75 86.75
172.25 79.0
176.5 79.0
173.75 85.0
177.25 88.75
175.0 88.25
167.25 158.0
178.0 150.25
186.75 143.75
191.5 144.25
192.5 141.0
191.75 142.0
186.25 146.5
180.75 153.25
187.25 150.25
190.0 148.75
188.0 148.0
181.0 154.0
187.75 151.25
190.5 149.75
189.25 148.75
179.0 158.5
188.5 157.25
192.5 156.75
193.25 153.75
189.75 151.0
