74.0 45.5 150.0 150.0
141.25 71.75
152.0 67.25
164.5 68.75
171.25 74.75
179.25 73.0
180.25 71.5
179.5 70.75
177.75 76.25
171.0 81.0
176.75 89.5
182.0 98.25
192.75 109.5
200.75 121.25
173.25 132.0
182.5 132.25
187.75 132.0
186.25 131.0
185.0 126.75
138.75 93.0
156.5 93.5
156.5 92.0
161.25 91.75
158.5 93.5
151.0 94.75
173.5 92.5
176.5 91.25
178.25 91.75
174.25 90.5
179.25 93.0
177.25 92.5
161.75 166.25
172.25 158.25
184.75 149.5
191.0 148.75
190.5 145.75
185.0 148.75
175.25 155.0
176.5 158.5
184.25 155.25
186.75 152.75
180.5 153.5
172.5 172.75
183.0 173.75
185.0 171.25
180.5 165.0
168.75 173.5
181.75 178.75
187.5 178.5
186.25 173.5
179.0 163.75
