69.0 30.5 170.0 170.0
132.5 64.75
143.5 60.0
157.0 61.75
165.25 68.0
174.75 67.5
176.25 66.75
176.5 67.25
176.0 73.75
170.25 80.0
173.0 83.25
179.25 91.25
190.75 101.25
199.75 112.25
172.25 124.25
182.25 125.0
188.0 125.0
187.25 124.5
186.0 121.75
132.0 86.25
143.75 75.5
152.0 76.0
156.5 85.5
151.25 88.0
142.5 88.5
171.25 88.0
173.0 80.5
176.5 81.25
173.5 87.5
177.25 90.75
175.25 89.75
168.5 156.5
179.0 149.0
187.5 143.25
191.75 144.25
192.5 141.25
191.25 142.75
185.25 148.0
181.25 152.5
187.5 150.25
190.0 149.0
187.5 149.0
181.75 153.25
188.25 151.0
190.5 150.0
189.0 149.5
179.5 157.5
188.75 157.0
192.5 156.75
193.0 154.25
189.25 152.0
