56.5 30.5 176.5 176.5
114.75 62.5
128.0 58.25
145.0 61.0
156.25 68.0
173.5 68.75
177.75 68.5
182.5 69.5
185.5 77.0
182.25 83.75
166.5 84.75
171.5 93.25
181.0 104.25
188.25 116.5
154.5 126.25
168.75 128.5
176.5 129.25
178.25 129.25
182.75 127.0
113.75 83.75
132.5 84.5
137.5 84.75
145.5 85.5
137.5 85.5
126.25 85.5
171.75 90.75
177.75 90.5
182.25 91.75
181.5 92.0
183.0 93.0
177.75 91.5
142.5 162.75
154.0 155.25
169.25 146.75
179.5 147.75
182.5 145.75
181.75 151.0
175.5 159.0
160.25 156.25
170.75 154.0
178.75 153.5
177.0 156.25
156.0 172.0
170.5 175.25
176.5 174.25
176.75 169.0
150.75 172.0
166.75 180.0
176.75 181.75
179.75 177.5
177.0 168.0
