77.0 42.5 149.0 149.0
136.25 72.5
147.75 67.75
161.25 69.0
169.0 74.75
178.5 72.5
180.25 71.0
180.5 70.0
179.25 75.5
173.0 80.25
175.25 89.5
180.75 98.25
191.5 109.75
199.5 121.75
171.25 132.5
181.0 132.75
186.5 132.75
185.75 131.25
185.0 127.25
134.0 93.75
146.75 83.5
154.75 83.25
158.5 92.0
153.25 95.75
144.5 96.5
173.25 92.0
175.5 84.0
179.25 84.0
175.5 89.25
179.0 93.75
177.0 93.5
164.5 164.0
175.5 157.25
184.5 151.25
188.75 151.75
189.75 148.25
188.25 148.5
182.0 151.75
177.5 160.0
184.0 157.5
186.5 155.5
184.0 154.0
177.75 160.75
184.5 158.5
186.75 156.75
185.25 155.0
175.5 165.25
184.5 164.5
188.25 164.0
188.75 160.75
185.25 157.0
