76.0 50.5 164.5 164.5
122.25 74.5
135.0 69.25
151.25 70.25
161.5 76.0
176.25 73.0
179.75 71.0
182.75 69.75
184.25 75.0
179.5 79.75
170.5 91.0
175.75 100.0
186.0 112.25
193.25 125.25
162.0 135.25
174.0 136.0
181.0 135.75
181.75 134.25
183.5 129.75
121.0 95.5
134.25 85.25
144.75 84.75
150.75 93.5
142.5 97.5
131.75 98.5
172.75 92.75
176.25 84.5
182.25 84.25
179.75 89.5
181.5 94.25
178.0 94.25
154.0 167.0
166.0 160.75
176.75 155.25
182.75 155.75
185.0 152.0
185.75 152.0
181.75 154.75
169.25 163.75
177.25 161.25
181.5 159.5
181.75 157.5
169.5 164.5
177.75 162.5
182.0 160.5
182.5 158.5
166.25 169.0
177.0 168.75
182.0 168.25
184.5 164.75
183.25 160.5
