68.0 56.5 159.0 159.0
135.75 82.5
148.5 78.25
163.0 79.75
171.0 85.25
183.0 81.5
185.25 79.25
186.75 76.75
186.0 80.5
179.5 83.5
176.5 99.5
180.75 109.0
189.5 122.25
195.5 135.75
165.0 143.0
175.5 143.75
181.5 143.75
181.5 141.5
182.0 136.0
131.5 102.75
145.75 93.75
154.75 93.25
158.25 101.25
151.25 105.75
141.75 106.5
175.5 99.25
179.25 91.0
184.0 90.0
180.0 94.25
182.25 100.0
179.75 100.5
154.25 172.75
166.0 167.5
176.25 162.5
180.75 162.75
182.75 158.75
182.25 157.5
176.25 158.25
168.25 169.75
175.25 167.5
178.75 165.25
177.25 162.0
168.25 170.75
175.5 168.5
178.75 166.25
178.25 163.5
165.25 174.75
174.5 174.75
178.75 174.0
180.5 170.0
178.25 165.0
