73.0 40.0 165.0 165.0
111.75 72.25
125.0 66.75
142.5 67.5
154.25 73.0
172.0 70.0
176.25 68.5
181.25 67.25
184.5 73.0
181.5 78.25
165.5 88.25
170.75 97.25
180.75 109.25
188.25 122.25
155.75 133.0
169.0 133.75
176.75 133.75
178.75 132.5
182.25 128.0
112.0 93.5
124.75 82.75
136.75 82.25
144.0 91.25
134.25 95.0
122.75 96.0
170.75 91.0
174.25 82.5
182.0 82.25
180.75 88.0
181.25 92.5
176.5 92.25
148.25 165.5
160.5 159.25
172.0 153.5
179.25 154.5
182.5 150.75
184.75 151.0
182.5 154.25
164.75 162.5
173.5 160.0
179.25 158.25
181.0 156.75
165.0 163.25
174.0 161.25
179.5 159.5
181.25 157.75
161.5 167.5
173.0 167.5
179.25 167.25
182.75 164.0
182.75 160.0
