81.5 45.0 154.5 154.5
115.5 70.0
128.75 65.0
145.75 66.25
157.0 72.25
173.5 70.25
177.5 69.0
182.0 68.25
184.5 74.5
181.0 80.0
167.25 87.75
172.5 96.75
182.5 108.5
190.0 121.25
157.0 132.0
170.5 132.75
178.25 133.0
179.75 132.0
183.5 128.0
115.0 91.25
134.25 91.5
138.75 90.25
146.5 90.25
139.0 91.75
127.75 93.0
171.75 91.25
177.5 90.25
181.75 90.75
180.75 89.75
182.75 92.0
177.75 91.25
146.0 167.5
157.0 160.0
171.75 151.25
181.5 151.0
184.0 148.25
182.75 151.5
176.5 158.0
163.0 160.25
173.25 157.75
180.5 155.5
178.25 156.5
159.25 175.5
173.0 177.5
178.75 175.5
178.25 169.0
154.25 175.75
169.75 182.5
179.25 183.25
181.5 178.0
178.5 167.25
