72.5 41.0 161.5 161.5
118.0 64.5
131.0 60.0
147.5 62.25
158.25 69.0
174.0 68.75
177.75 68.25
181.5 68.75
183.75 75.75
180.0 82.0
168.25 85.0
173.5 93.75
183.75 104.75
191.5 117.0
159.5 127.25
172.0 129.0
179.5 129.5
180.75 129.0
183.25 126.25
117.25 86.0
130.25 75.75
141.25 76.75
147.75 86.5
139.0 88.75
128.0 88.75
171.75 90.25
175.0 82.5
181.75 83.75
180.0 90.0
181.25 93.5
177.25 92.25
151.5 160.0
164.0 153.5
175.25 148.5
182.0 150.25
184.5 147.25
186.0 148.75
182.75 153.75
167.75 157.5
176.25 155.75
181.25 155.0
182.0 155.0
168.0 158.5
176.75 156.75
181.75 156.0
182.75 155.5
164.5 162.5
176.0 163.0
181.75 163.5
184.75 161.0
183.75 158.25
