64.0 41.5 173.0 173.0
120.75 70.0
134.25 65.75
150.75 68.25
161.25 75.0
177.25 74.25
181.0 73.0
185.0 72.75
186.75 79.0
182.5 84.0
170.0 91.25
174.75 100.5
183.75 113.0
190.75 126.25
157.25 134.5
170.5 136.25
178.0 137.0
179.0 136.0
182.75 132.0
118.75 91.25
137.75 92.75
142.0 91.75
149.5 92.0
142.25 93.25
131.25 93.75
173.5 94.75
179.0 94.25
183.25 95.0
182.0 93.75
184.0 96.25
179.25 95.25
143.75 169.0
155.25 162.25
170.25 154.75
180.0 155.0
182.5 152.25
180.5 155.5
173.25 161.25
161.0 163.0
171.25 161.0
178.25 159.25
175.5 160.0
156.25 177.75
169.75 180.5
175.0 179.0
174.75 172.25
151.25 177.75
166.25 185.5
175.25 186.75
177.5 181.5
174.75 170.75
