51.5 28.5 174.5 174.5
114.5 63.5
128.75 59.75
148.0 64.0
158.0 69.25
175.75 69.25
180.0 70.0
185.75 70.75
187.0 77.5
182.5 83.0
167.75 81.5
172.75 90.25
181.25 103.25
189.0 117.5
152.75 127.0
167.75 130.25
176.5 130.75
178.0 130.0
179.5 126.75
110.25 82.75
125.0 73.75
136.75 75.5
142.25 84.75
132.5 87.5
121.25 86.75
167.5 90.0
173.75 83.0
182.5 84.5
180.25 91.0
180.0 94.5
174.0 93.0
147.0 157.75
158.5 152.0
169.5 148.0
176.25 150.25
179.5 147.25
182.25 149.0
182.0 154.75
161.5 156.25
169.5 155.25
175.25 154.75
178.25 155.25
161.5 157.0
170.0 156.25
175.25 156.0
178.0 155.75
157.75 161.0
167.75 162.5
174.5 163.25
178.5 161.25
180.0 158.75
