76.5 44.0 152.5 152.5
136.0 74.75
149.25 70.5
164.75 73.5
171.5 77.5
182.0 74.5
184.0 74.25
184.75 72.5
182.0 76.75
174.75 80.25
177.5 88.0
182.75 97.0
191.75 110.25
199.75 124.25
166.75 134.0
178.75 135.5
185.5 135.25
184.5 133.25
182.25 128.25
129.25 93.25
144.0 84.25
152.25 84.0
154.25 91.5
148.75 96.25
139.75 96.75
170.0 92.25
174.75 85.0
179.75 84.75
175.25 89.5
177.75 94.5
174.5 94.5
162.5 163.5
172.25 157.25
181.0 152.25
184.75 153.0
186.5 149.5
186.25 149.5
182.25 152.75
173.25 160.0
179.0 158.0
182.0 156.25
181.75 154.75
173.25 160.75
179.5 159.0
182.25 157.25
182.25 155.75
170.75 165.0
178.5 165.0
182.75 164.5
184.25 161.25
183.0 158.0
