62.0 41.5 170.0 170.0
124.75 72.25
138.75 67.75
156.5 71.0
165.0 75.25
179.25 72.75
182.25 72.5
185.5 71.25
184.75 76.25
178.5 80.25
173.0 86.25
178.5 95.25
187.5 108.75
195.75 123.25
160.75 132.75
174.25 135.0
182.0 134.75
182.0 133.0
181.5 128.25
119.5 91.0
134.5 81.75
144.5 82.0
148.5 90.0
140.75 94.25
130.5 94.75
169.0 91.5
174.5 84.0
181.5 84.25
178.0 89.5
179.25 94.25
174.75 94.0
156.0 163.0
166.5 156.75
176.5 152.25
181.5 153.25
184.0 149.75
185.25 150.0
183.0 154.0
168.5 160.0
175.5 158.25
179.75 156.75
181.0 155.75
168.5 160.75
175.75 159.25
179.75 157.75
181.0 156.5
165.5 165.0
174.5 165.5
179.75 165.25
182.5 162.25
182.25 159.0
