65.0 52.0 170.0 170.0
116.0 84.0
131.25 80.25
151.0 83.5
160.75 87.25
179.5 82.75
184.0 81.75
190.25 78.25
191.25 80.75
186.25 82.75
169.75 97.5
174.0 107.75
180.75 123.0
186.75 139.25
150.5 144.0
164.75 147.0
173.25 147.25
175.0 144.25
177.0 137.5
111.0 100.75
126.5 93.25
138.5 92.5
143.5 99.25
133.5 104.75
121.75 105.25
169.25 98.5
176.5 91.0
185.75 90.0
182.75 93.75
181.75 100.25
175.75 100.75
142.5 172.5
153.75 167.75
164.75 164.0
171.0 164.75
174.5 161.0
177.25 160.0
176.75 161.5
156.25 170.25
164.25 168.75
169.75 166.75
173.0 164.25
156.25 171.0
164.5 169.75
169.75 168.0
172.5 165.5
152.5 175.0
162.0 176.0
168.25 175.5
172.5 172.0
174.25 167.5
