64.5 47.0 166.0 166.0
146.25 79.25
159.5 77.0
173.25 82.25
178.5 87.0
188.25 85.25
189.75 85.0
190.0 83.0
186.0 86.25
177.75 88.5
182.0 98.0
185.75 107.5
192.25 122.0
198.0 137.0
164.75 141.5
175.5 144.5
182.0 145.25
180.75 143.0
179.0 137.25
136.0 96.0
152.0 89.5
159.25 90.5
159.25 97.75
153.75 101.75
145.5 101.25
173.0 100.25
178.5 93.75
183.0 94.0
177.25 97.75
179.25 103.5
176.75 103.0
156.0 169.5
166.25 164.75
175.0 161.25
178.25 162.25
180.25 159.0
179.5 158.5
174.5 161.0
166.25 167.5
172.0 166.25
174.75 164.75
174.25 163.0
166.25 168.25
172.25 167.25
174.75 165.75
174.75 164.0
163.25 172.25
170.5 173.25
174.25 173.0
175.75 170.0
174.75 166.25
