74.0 37.5 164.5 164.5
107.75 71.0
121.75 65.0
141.5 66.5
152.25 69.75
170.5 66.0
174.75 65.5
181.0 64.25
183.25 69.5
179.25 74.75
163.5 80.25
169.5 88.75
179.25 101.5
188.75 115.5
152.5 128.75
168.5 129.75
177.5 129.0
178.75 127.5
181.0 122.5
106.0 90.25
125.5 89.75
130.5 88.25
138.25 86.75
130.5 89.5
119.0 91.5
164.75 86.75
172.25 85.75
178.25 85.75
178.25 84.75
179.0 87.25
172.0 87.0
147.75 163.25
157.0 155.25
170.25 146.25
180.0 145.5
183.0 142.5
183.25 146.0
180.5 153.5
162.0 155.25
171.25 152.25
179.25 150.0
179.25 151.5
159.5 170.75
173.25 172.25
179.25 170.0
179.75 163.75
154.5 171.25
169.5 177.75
179.5 177.75
182.75 172.5
180.75 162.5
