56.0 34.0 173.0 173.0
111.75 69.25
126.0 64.0
145.5 66.5
155.75 70.75
173.5 68.0
177.75 68.0
183.25 67.25
185.0 73.0
180.5 78.0
166.25 81.75
171.75 90.5
181.0 103.5
189.75 118.0
154.0 129.25
169.0 131.0
177.75 131.0
179.0 129.5
180.25 125.0
108.75 88.5
123.0 78.5
134.75 78.5
140.75 86.75
131.5 91.0
120.0 91.5
166.25 88.5
172.0 80.75
181.0 81.0
179.0 87.0
179.0 91.25
173.0 90.75
150.25 160.25
161.25 153.75
172.0 148.75
178.5 150.0
181.5 146.75
184.25 147.5
184.25 152.0
164.25 157.25
172.25 155.5
177.75 154.25
180.75 153.5
164.25 158.0
172.75 156.5
178.0 155.25
180.5 154.25
161.0 162.25
171.0 162.75
177.5 162.75
181.5 160.0
182.5 157.0
