66.0 43.0 173.5 173.5
121.5 78.0
136.5 74.25
155.0 78.25
164.25 82.5
181.0 79.25
184.75 79.0
189.5 76.5
189.5 80.5
183.75 83.25
172.25 93.5
176.75 103.25
184.25 118.0
190.75 133.75
154.5 139.75
168.5 142.75
176.75 143.0
177.75 140.75
178.75 134.75
115.75 95.75
131.25 87.75
142.5 87.75
146.75 95.25
137.5 100.0
126.5 100.0
170.0 96.5
176.5 89.0
184.75 89.0
181.25 93.25
181.25 99.0
176.0 99.0
147.0 169.0
158.25 164.0
169.0 160.0
174.75 161.0
177.75 157.5
179.75 157.25
178.5 159.75
160.5 166.75
168.0 165.25
173.0 163.75
175.5 162.0
160.5 167.5
168.25 166.5
173.0 165.0
175.25 163.0
156.75 171.5
166.0 172.5
171.75 172.5
175.5 169.25
176.5 165.25
