70.5 37.0 161.0 161.0
138.75 62.0
151.0 58.5
165.0 63.5
170.75 68.75
179.25 69.5
180.75 70.5
180.25 71.5
177.0 78.0
169.75 83.5
176.75 80.5
182.5 88.75
192.5 100.25
202.0 113.0
170.25 123.75
182.0 126.0
188.5 126.25
186.5 126.0
183.75 123.0
132.75 81.25
150.75 83.0
150.5 83.5
155.0 83.75
152.5 84.25
145.25 83.75
168.5 89.5
172.75 90.0
175.75 91.25
172.0 91.5
176.5 92.5
173.25 90.75
164.0 157.5
172.75 149.5
184.25 141.5
190.5 141.75
190.25 140.0
186.25 144.75
179.25 153.5
175.75 150.25
183.0 148.0
186.0 147.25
181.75 150.25
172.75 165.5
183.0 167.75
185.5 166.75
182.0 162.0
168.75 166.0
181.25 172.5
187.75 173.25
187.0 169.75
181.25 161.5
