82.5 33.5 164.5 164.5
132.5 60.0
145.25 56.5
160.25 61.0
167.25 66.5
177.5 67.25
179.25 68.25
180.0 69.75
177.75 76.75
171.25 82.5
174.25 78.25
180.5 86.0
190.75 97.5
200.5 110.0
168.5 121.25
180.75 123.75
187.5 123.75
186.25 123.75
183.5 121.25
127.5 79.75
141.25 70.5
149.25 72.5
152.0 82.0
146.75 84.0
138.25 83.25
167.75 87.75
171.5 81.25
176.5 83.0
172.75 89.5
175.5 92.25
172.5 90.75
167.25 151.5
176.5 144.75
184.75 140.25
189.0 142.25
190.25 139.75
190.0 141.5
186.5 148.0
178.0 149.0
183.75 147.75
186.5 147.25
186.25 148.0
178.0 149.75
184.0 148.75
187.0 148.25
186.75 148.25
176.0 153.75
184.0 154.25
188.25 155.0
189.5 153.0
187.75 151.5
