68.0 35.5 166.0 166.0
139.0 64.75
151.25 61.25
165.5 65.75
171.5 70.75
180.25 70.75
181.75 71.25
181.5 71.75
178.0 77.75
170.75 82.75
177.25 82.25
182.75 90.75
192.5 102.75
201.75 116.0
169.75 126.25
181.5 128.5
188.0 128.5
186.25 127.75
183.5 124.5
132.75 84.0
150.75 85.75
150.75 85.75
155.25 85.5
152.5 86.75
145.25 86.75
169.0 90.25
173.5 90.5
176.25 91.5
172.75 91.25
177.0 92.75
173.75 91.25
162.5 160.0
171.5 152.25
183.25 144.0
189.5 144.0
189.5 142.0
185.5 146.25
178.5 154.25
174.5 152.5
182.0 150.25
185.0 149.0
181.0 151.5
171.25 167.75
181.5 169.75
184.0 168.25
180.75 163.25
167.25 168.25
179.5 174.5
186.25 175.25
185.5 171.0
180.0 162.5
