62.5 45.0 171.0 171.0
149.75 78.25
162.75 76.75
175.75 83.0
180.5 88.25
189.5 87.5
190.75 87.5
190.75 86.0
186.0 89.5
177.75 91.5
183.25 99.5
186.5 109.25
192.5 123.75
197.5 139.0
164.75 141.75
175.0 145.75
181.25 146.75
180.0 144.5
178.0 139.25
138.75 94.75
154.75 89.0
161.5 90.5
161.0 98.25
155.75 101.75
147.75 100.5
173.5 102.25
179.0 96.0
183.0 96.75
177.0 100.5
179.25 106.0
176.75 105.25
154.75 169.75
165.25 165.5
173.75 162.25
177.0 163.75
178.75 160.75
177.75 160.5
172.5 163.0
165.0 168.25
170.5 167.5
173.0 166.25
172.25 164.75
165.0 169.0
170.5 168.5
173.0 167.25
172.75 165.75
162.0 172.75
169.0 174.25
172.25 174.5
174.0 171.75
172.75 168.0
