63.5 47.5 166.5 166.5
153.5 79.0
166.25 77.25
178.0 83.0
182.0 88.0
189.25 86.75
190.25 86.75
189.25 85.0
183.75 88.25
175.25 90.25
184.0 99.0
187.25 108.5
193.5 122.75
199.0 137.5
166.75 141.5
177.0 144.75
182.75 145.5
180.75 143.25
178.5 137.75
142.5 95.5
159.5 100.5
158.5 98.5
162.75 98.25
160.5 100.5
154.0 100.5
173.25 101.5
177.0 101.75
179.25 102.5
175.5 100.25
179.75 104.0
177.0 103.0
152.25 171.25
162.25 165.5
175.0 160.0
180.5 160.25
180.75 157.5
175.5 159.0
166.5 163.75
164.75 166.0
172.0 164.75
174.75 162.75
169.75 162.75
158.25 179.25
167.0 182.0
169.25 180.25
166.75 173.5
154.5 179.25
164.25 186.75
169.75 187.5
169.75 182.5
166.25 172.0
