69.0 46.5 167.0 167.0
122.75 74.0
138.0 71.75
156.25 77.5
165.25 83.0
182.75 82.25
186.75 82.25
192.0 81.25
192.0 85.75
186.25 88.75
172.75 95.0
176.5 105.0
182.75 120.25
188.25 136.25
151.5 139.75
165.25 144.0
173.75 145.25
175.0 143.25
176.75 138.0
115.75 91.75
131.75 85.0
143.25 86.5
147.0 94.75
137.25 98.25
126.25 97.0
170.75 99.25
178.0 92.5
186.5 93.5
183.0 98.25
182.25 103.25
176.75 102.25
141.5 168.75
153.25 164.5
164.5 161.5
170.25 163.25
173.75 160.5
176.0 160.75
174.75 163.75
155.5 167.75
163.25 167.25
168.5 166.5
171.25 165.5
155.25 168.75
163.5 168.25
168.5 167.5
171.0 166.25
151.25 172.25
160.5 174.25
166.5 175.0
170.75 172.25
172.25 168.75
