63.5 32.5 168.5 168.5
134.75 68.5
146.5 62.75
161.0 64.5
167.25 68.25
175.5 65.25
177.0 65.25
176.25 64.5
173.25 70.0
166.5 75.25
174.0 78.25
180.5 86.0
191.5 97.25
202.25 109.5
171.75 124.25
183.25 124.25
189.75 123.0
187.5 122.0
184.25 117.75
130.75 88.25
149.0 87.25
148.25 86.0
152.75 84.75
150.5 87.25
143.5 89.0
166.25 85.25
170.5 84.5
173.25 84.75
169.5 84.0
174.25 86.0
171.0 85.5
168.5 157.75
176.25 149.0
186.75 139.5
192.75 138.0
192.5 135.5
188.75 139.25
182.25 147.25
179.0 148.75
186.0 145.25
188.75 142.75
184.75 144.75
177.5 163.75
187.75 163.75
189.75 161.75
185.75 156.25
173.75 165.0
186.25 169.25
192.75 168.5
191.25 163.75
185.0 155.25
