64.0 45.0 165.5 165.5
138.25 77.75
151.5 73.0
166.25 75.5
172.75 79.25
182.5 75.25
184.25 74.5
184.5 72.25
181.25 75.75
173.75 79.25
178.25 89.25
183.5 98.0
192.5 111.25
200.5 125.5
168.0 135.25
179.5 136.5
186.0 136.0
184.75 133.75
182.25 128.25
131.5 96.0
146.0 86.75
153.75 86.0
155.5 93.0
150.25 98.25
141.75 99.25
170.25 92.5
174.75 85.0
179.5 84.25
174.75 88.75
177.25 94.25
174.5 94.5
163.75 164.5
173.25 158.0
181.5 153.0
185.25 153.25
186.75 149.75
186.0 149.25
182.0 152.0
174.0 160.5
179.5 158.25
182.25 156.25
181.75 154.5
174.0 161.5
180.0 159.25
182.5 157.25
182.25 155.5
171.75 165.75
179.25 165.5
183.0 164.75
184.25 161.25
182.75 157.5
