55.5 18.0 174.0 174.0
120.75 58.75
132.25 52.5
148.5 53.0
158.0 58.0
171.25 60.25
173.75 61.75
175.0 65.0
175.25 75.75
171.75 82.5
168.75 69.0
175.5 75.5
188.75 84.0
198.5 94.0
163.25 113.0
177.25 112.25
185.25 112.0
184.0 113.25
182.5 113.5
120.75 78.0
130.75 67.75
139.25 68.25
144.75 76.25
138.75 80.0
130.0 80.25
164.75 83.0
167.0 77.75
173.5 81.0
172.0 88.25
173.5 90.0
169.75 87.25
161.25 145.5
171.5 137.25
182.75 131.5
188.25 133.25
190.0 131.0
190.25 135.0
187.25 143.5
174.75 142.5
182.5 140.25
186.5 140.0
187.25 142.75
175.0 143.25
183.0 141.5
187.0 141.25
187.75 142.5
172.5 148.0
183.0 148.0
188.0 148.5
190.25 147.0
189.5 146.25
