76.5 44.5 153.5 153.5
132.5 76.25
146.25 72.0
163.0 75.25
171.5 81.5
185.5 82.0
188.0 82.0
189.25 81.75
186.75 88.75
181.5 92.25
178.75 93.75
182.75 103.5
191.75 118.0
197.0 132.0
157.5 139.0
171.25 140.75
179.25 141.75
178.25 140.0
178.0 136.0
127.0 94.25
140.0 86.5
149.25 87.0
152.5 94.5
144.75 99.5
135.5 98.75
172.0 99.75
176.25 94.0
182.5 96.25
178.75 101.5
179.0 106.0
175.75 104.25
145.25 168.5
157.25 163.75
169.75 160.75
174.5 162.25
177.25 159.5
177.25 160.25
172.75 163.5
159.0 167.75
167.0 167.0
171.5 166.0
172.0 165.5
158.75 168.75
167.25 168.0
171.25 167.25
172.5 166.25
155.0 172.75
165.0 174.75
169.75 175.25
172.75 172.5
173.0 169.25
