54.0 39.5 170.0 170.0
119.25 76.75
133.0 71.25
151.5 73.25
161.75 78.75
179.5 78.0
183.5 77.75
187.0 77.25
187.25 84.5
183.5 88.25
171.25 90.75
175.75 100.25
185.0 115.0
190.75 129.25
150.0 138.25
165.75 139.0
174.75 140.0
175.0 138.25
177.75 133.75
116.25 95.0
132.25 97.5
137.25 94.75
144.5 93.25
137.0 97.25
126.5 98.25
169.0 97.25
174.5 98.75
179.5 100.25
179.75 98.75
180.0 101.75
174.5 100.0
136.5 170.25
147.0 164.0
163.5 158.25
172.75 159.0
175.75 156.0
174.25 159.0
168.25 164.5
152.25 165.5
162.5 164.25
170.25 162.75
169.25 163.5
146.75 179.5
160.0 183.25
165.75 181.75
167.5 175.25
141.75 179.75
155.75 188.5
164.5 190.25
168.25 185.0
168.5 174.25
