71.0 39.5 166.5 166.5
147.25 74.0
159.0 69.5
172.5 72.25
178.5 78.0
186.5 78.75
186.5 79.0
184.5 79.0
179.25 86.25
173.0 90.0
183.5 89.75
188.75 98.75
199.0 111.75
205.25 124.5
169.75 134.25
181.0 135.0
187.5 135.5
184.5 134.25
180.75 131.0
141.25 92.25
153.0 84.0
159.0 84.25
160.5 91.75
156.0 96.5
149.0 96.25
172.25 96.75
174.75 91.25
178.25 93.25
173.75 98.5
176.25 102.5
174.75 101.0
160.5 164.25
171.0 158.25
181.25 154.25
184.5 155.75
185.75 152.75
183.25 154.0
176.25 158.0
171.5 162.25
178.0 160.75
180.25 159.75
178.25 159.5
171.5 163.25
178.25 162.0
180.5 161.0
179.25 160.25
168.75 167.5
177.25 168.5
180.25 168.75
181.5 166.0
179.0 163.25
