51.5 42.5 175.5 175.5
122.0 77.75
136.5 73.5
154.75 77.0
164.5 83.25
182.5 83.75
186.25 83.75
190.0 83.25
189.75 90.25
185.5 93.5
173.0 96.0
176.5 106.0
184.25 121.5
188.5 136.25
147.25 141.25
163.0 143.75
171.75 145.25
172.25 143.25
175.25 139.0
117.5 95.5
133.25 99.25
138.5 97.0
146.0 96.0
138.25 99.5
127.5 99.5
170.25 101.75
175.5 103.75
180.5 105.5
181.0 103.75
180.75 107.0
175.5 104.75
131.0 171.75
142.0 166.5
158.75 162.5
168.0 163.75
171.5 161.25
169.75 163.5
163.0 168.5
147.0 168.5
157.5 168.25
165.25 167.25
164.25 167.5
140.25 181.75
153.25 186.5
159.0 185.5
161.5 179.0
135.25 181.5
148.25 191.25
157.0 193.75
161.25 189.0
162.5 178.0
