71.0 42.0 160.5 160.5
141.25 76.75
152.5 70.25
166.75 70.5
173.75 75.0
182.5 73.0
183.0 72.5
181.25 71.75
177.0 78.75
171.0 82.75
180.5 85.5
186.5 94.0
198.0 106.25
205.75 118.25
170.75 132.25
182.25 131.25
189.0 130.75
186.0 129.25
182.25 125.25
137.25 95.25
148.25 85.25
154.75 84.0
157.25 90.5
153.0 97.0
145.5 98.0
170.25 92.0
172.5 85.75
176.25 86.75
172.5 92.0
175.25 96.5
173.5 95.5
164.5 162.75
174.5 155.75
184.5 150.25
188.0 150.75
189.0 147.5
187.0 148.0
180.75 152.0
175.5 159.25
182.0 156.75
184.25 154.75
182.5 154.0
175.75 160.0
182.25 157.75
184.5 156.0
183.5 154.75
173.25 164.75
181.75 164.25
185.0 163.75
186.0 160.5
183.75 157.25
