77.0 30.5 161.5 161.5
138.25 60.25
148.0 54.75
161.0 56.25
168.0 61.75
175.25 64.0
175.25 65.75
173.25 68.25
169.75 78.25
164.75 84.25
175.75 73.0
182.75 79.75
196.0 88.75
205.75 98.75
174.0 115.75
185.25 115.25
191.5 115.0
188.0 115.75
183.75 115.75
136.5 79.5
151.5 79.25
150.75 79.75
154.5 78.5
153.0 80.25
147.0 80.75
166.5 85.75
169.25 87.75
171.5 90.0
168.25 91.0
172.75 91.0
170.0 88.25
168.25 152.0
176.75 142.25
189.25 132.5
195.25 132.5
194.5 131.25
189.25 138.25
181.0 149.0
180.25 143.5
188.25 140.25
190.5 139.75
185.25 144.5
178.75 159.25
189.75 160.25
191.75 159.5
186.75 156.5
175.0 160.25
188.75 165.5
194.75 166.25
193.25 163.25
185.75 156.5
