80.5 45.5 159.0 159.0
145.75 78.75
156.5 72.0
170.0 72.0
176.0 76.25
183.25 73.75
183.0 73.0
180.5 72.0
175.5 78.25
169.25 82.0
182.0 86.5
187.75 94.75
199.25 107.0
206.5 119.0
172.5 133.25
183.5 131.75
189.75 131.0
186.5 129.25
182.5 125.0
141.25 97.0
156.25 97.25
155.5 94.0
159.5 91.5
157.75 96.5
151.5 98.75
170.5 92.25
173.25 93.25
175.0 93.75
171.5 92.25
176.0 95.25
173.75 94.25
161.25 166.0
170.75 158.0
184.25 149.5
190.25 148.25
189.75 145.25
183.5 148.25
174.0 154.5
174.0 158.25
182.0 155.25
184.5 152.25
178.75 153.25
169.75 172.25
180.0 172.75
182.0 170.5
178.25 164.25
166.0 173.5
178.25 178.5
183.75 178.25
182.75 172.75
177.25 163.25
