67.5 29.0 167.5 167.5
132.5 67.25
143.0 60.0
157.5 59.5
165.5 64.0
174.75 63.25
175.25 63.75
174.25 64.75
171.75 73.75
167.0 79.25
174.25 74.25
181.25 81.25
194.75 91.0
204.5 101.75
171.0 120.75
183.25 118.75
190.25 117.75
187.25 117.5
184.0 115.5
131.75 86.5
147.25 85.25
147.25 84.0
151.75 81.75
149.25 85.25
142.25 87.25
166.25 85.0
169.75 86.0
172.5 87.25
169.75 87.5
173.75 88.5
170.5 86.75
165.5 156.75
174.0 147.0
187.0 136.5
193.75 135.5
193.5 133.5
189.0 139.0
181.25 148.5
178.0 147.5
186.25 143.75
189.5 141.75
185.0 145.0
176.25 163.0
188.0 163.0
190.5 161.25
186.5 156.75
172.25 164.5
186.5 168.75
193.0 168.75
192.25 164.5
185.75 156.5
