68.0 37.0 168.5 168.5
115.0 75.25
128.25 68.25
146.75 68.5
157.5 73.0
175.0 71.0
179.0 70.5
182.5 70.25
183.75 77.75
180.25 82.25
168.5 84.0
174.0 93.0
184.75 106.0
192.0 119.5
153.5 133.0
168.5 132.75
177.5 132.5
177.75 131.0
179.0 127.25
114.25 93.75
125.5 83.75
136.0 82.75
142.0 89.5
133.5 95.75
123.25 96.75
166.75 91.5
170.75 85.0
179.0 86.25
177.5 92.0
177.0 96.5
172.25 95.5
146.25 164.75
157.5 158.25
170.25 153.25
176.5 154.25
179.5 151.0
181.5 152.0
179.5 156.0
161.0 162.0
169.75 160.25
175.0 158.75
177.5 158.0
161.0 163.0
170.0 161.25
175.25 160.0
177.5 159.0
157.5 167.75
168.5 168.25
174.25 168.25
178.0 165.25
179.25 161.75
