74.5 43.0 163.0 163.0
125.75 71.0
138.75 65.25
156.25 67.25
165.5 72.75
180.25 73.0
183.0 73.5
184.75 74.0
183.75 82.25
179.25 86.75
174.5 84.75
179.75 93.5
190.25 106.5
197.5 119.75
157.75 131.5
172.75 132.0
181.25 132.5
180.25 131.5
180.75 128.5
122.75 89.75
138.75 91.5
142.25 89.75
148.5 88.25
142.75 91.5
133.25 92.5
169.75 93.5
174.5 95.25
178.75 96.75
177.75 96.25
179.25 98.25
174.75 96.0
145.25 165.75
155.75 158.5
172.0 151.25
180.5 151.5
182.5 149.25
179.75 153.25
172.25 160.75
160.75 159.75
170.75 158.0
177.0 156.5
174.75 158.5
155.75 174.75
169.0 177.75
173.75 176.25
173.5 170.75
150.75 175.0
165.25 183.0
173.5 184.5
176.0 179.75
173.75 170.0
