61.0 29.5 165.0 165.0
128.25 66.25
140.25 59.25
156.0 59.0
164.25 63.75
175.5 62.75
177.5 62.5
177.25 63.5
174.75 71.25
168.0 77.25
170.75 77.25
176.25 84.5
187.25 92.0
198.25 102.0
164.0 120.25
179.0 118.5
187.0 117.25
185.25 116.25
182.25 114.25
123.25 86.25
137.0 75.5
145.75 75.0
150.0 84.0
144.5 88.5
135.25 89.25
166.0 86.0
168.75 78.25
173.0 78.75
168.75 85.25
173.25 89.25
170.75 88.25
167.75 153.25
177.0 144.75
186.5 138.25
192.0 138.0
193.0 134.5
191.75 135.5
188.25 140.5
180.0 147.75
187.0 144.0
190.5 141.75
189.0 141.5
180.25 148.5
187.5 144.75
191.0 142.5
190.25 142.0
178.5 153.0
187.5 150.5
192.25 148.75
194.0 146.0
191.25 144.25
