50.0 27.0 176.5 176.5
115.75 62.0
129.25 55.75
147.5 57.0
157.75 62.5
174.5 63.5
178.5 64.0
182.0 66.0
181.75 74.75
176.75 81.25
166.25 77.25
170.75 84.75
180.25 92.5
190.25 103.25
150.75 119.5
169.25 119.25
179.0 119.0
179.5 118.75
181.0 117.5
111.5 82.0
131.5 83.0
136.25 83.0
143.25 82.5
136.25 84.0
125.25 84.25
166.0 87.75
172.75 88.25
177.25 89.5
175.25 89.5
178.0 90.75
172.75 89.0
148.0 158.0
157.75 148.75
172.5 139.25
183.5 138.5
186.75 136.5
185.25 141.75
181.0 150.75
163.75 149.0
174.5 145.25
183.0 143.75
181.75 147.25
161.25 165.25
176.25 166.25
183.25 164.25
182.75 159.75
156.0 165.75
172.25 170.75
183.25 170.75
186.5 166.75
183.0 159.0
