37.5 17.0 182.5 182.5
113.5 57.0
127.0 51.25
145.25 53.0
155.75 59.0
173.25 61.75
177.5 62.75
181.75 66.0
182.25 75.75
177.75 83.25
164.75 74.5
169.0 81.25
178.25 88.25
187.75 98.0
149.0 114.25
167.0 114.75
177.0 115.0
178.25 115.5
179.5 115.75
109.25 77.0
123.75 67.5
135.5 69.0
141.5 79.25
132.25 81.75
121.0 80.75
165.25 86.25
170.25 79.5
178.0 82.25
175.5 90.0
177.0 92.5
172.0 90.0
148.75 148.25
160.0 140.5
172.25 135.25
181.0 137.25
184.75 135.0
186.75 138.0
186.25 145.25
164.75 145.0
174.5 142.75
181.5 142.25
184.0 144.75
165.0 145.75
175.0 143.75
181.75 143.25
184.25 144.5
161.5 149.75
173.25 149.0
181.0 149.25
185.75 147.75
186.25 147.75
