45.5 27.0 182.5 182.5
123.5 64.5
137.25 59.5
155.0 61.5
164.25 67.75
179.5 69.0
183.0 69.25
185.5 70.75
183.75 78.75
177.75 84.5
170.75 82.5
175.0 90.5
184.25 99.5
193.25 111.25
153.25 124.5
171.0 125.25
180.5 125.5
180.5 124.75
181.0 122.5
117.0 84.0
137.25 86.5
141.0 86.25
147.75 86.25
141.5 87.5
130.75 87.5
168.5 91.75
174.75 92.25
178.5 93.75
176.0 93.0
179.25 95.0
174.75 93.25
147.75 162.0
158.0 153.75
173.25 145.25
183.5 145.0
186.0 142.75
183.5 147.0
178.0 154.75
163.75 154.25
174.25 151.0
182.0 149.5
179.5 152.0
160.0 169.75
174.25 171.5
180.5 169.5
179.5 164.25
155.0 170.0
170.5 175.75
180.5 176.0
183.25 171.75
179.75 163.25
