51.0 36.0 177.5 177.5
113.0 71.0
127.5 65.25
146.75 66.5
157.75 72.0
177.0 71.25
181.75 70.75
186.75 70.75
187.0 77.75
182.25 82.5
166.0 86.25
169.5 95.0
177.75 105.25
185.75 118.0
144.5 130.5
163.5 131.0
173.75 131.25
175.5 129.5
178.75 125.75
108.0 89.75
128.0 92.5
134.0 91.0
141.75 90.25
133.5 92.75
121.5 93.5
167.0 93.5
174.5 93.5
179.5 94.25
178.75 92.5
180.25 95.75
174.25 94.75
138.75 167.0
148.75 159.5
164.5 151.75
176.25 151.0
180.5 148.0
180.0 151.0
176.0 157.25
155.25 160.0
166.5 157.0
176.25 154.5
176.0 155.5
151.25 175.0
166.25 177.0
174.25 174.25
175.75 167.75
146.0 175.25
161.5 181.5
172.75 181.5
177.75 176.25
176.5 166.25
