56.5 29.0 171.0 171.0
112.0 61.75
126.0 56.0
144.75 57.25
155.75 63.25
174.25 64.75
179.0 65.25
183.75 67.25
184.25 76.25
180.0 82.75
164.5 78.5
168.5 86.0
177.25 94.25
186.25 105.25
146.5 120.25
164.75 120.75
175.0 121.0
176.5 120.75
178.75 119.5
107.75 81.5
122.5 72.25
134.75 73.25
141.0 83.0
131.0 86.25
119.5 85.5
165.75 88.75
171.25 81.25
179.5 83.5
177.0 90.5
177.75 94.0
172.5 92.0
144.75 154.5
156.25 147.25
169.0 142.25
177.75 143.75
182.0 141.0
184.5 143.0
184.25 148.75
161.0 151.5
171.0 149.25
178.5 148.25
181.5 149.25
161.25 152.25
171.5 150.0
178.75 149.0
181.5 149.5
157.5 156.5
169.25 155.75
177.25 155.5
182.75 153.5
183.5 152.5
