59.5 43.0 166.5 166.5
140.0 75.75
154.5 73.0
170.25 77.5
177.0 84.0
189.5 85.5
192.25 85.25
192.75 84.75
188.0 90.25
180.25 92.75
179.0 98.25
181.25 107.25
188.5 118.75
195.0 132.5
155.0 137.75
170.75 140.75
179.25 142.0
178.5 139.75
178.0 135.5
129.0 92.5
147.75 99.0
150.5 97.25
156.5 97.75
151.0 99.5
141.75 98.75
172.75 103.25
178.0 104.0
180.75 105.0
177.5 102.25
181.25 106.5
178.0 105.25
141.75 171.5
153.0 165.75
169.0 160.25
178.0 160.75
180.0 157.75
175.5 159.25
167.75 163.5
158.0 166.5
168.25 165.0
174.5 163.0
170.5 162.75
151.5 180.25
163.75 183.25
169.0 181.0
168.0 174.25
146.75 179.75
159.75 187.25
168.25 188.0
170.75 183.0
168.0 172.5
