52.0 21.0 185.0 185.0
126.25 59.5
139.5 54.5
156.0 57.0
164.75 63.25
178.5 66.0
181.25 66.75
182.75 69.5
180.5 78.25
174.25 84.75
171.25 78.5
175.75 85.75
185.75 93.75
195.5 104.25
157.25 118.5
174.25 119.25
183.25 119.5
182.5 119.75
182.0 119.0
120.0 79.25
140.0 81.5
142.75 82.25
149.0 82.5
143.75 83.0
133.75 82.25
168.0 89.5
173.5 90.25
177.0 92.25
173.75 92.5
177.75 93.5
173.75 91.25
153.25 156.5
163.25 147.75
177.75 138.5
187.5 138.5
189.25 137.0
186.0 142.75
180.25 151.75
168.75 148.25
179.0 144.75
185.5 144.0
182.25 148.0
166.0 164.25
179.75 165.75
185.25 164.25
183.0 160.25
161.0 164.5
176.5 170.0
186.0 170.25
187.75 167.0
182.75 159.75
