60.0 25.5 176.0 176.0
132.25 62.0
145.0 56.75
160.5 58.75
168.0 64.75
179.25 66.75
181.25 67.0
181.0 69.0
177.75 77.25
170.75 83.5
173.25 79.5
178.25 86.75
188.75 94.75
198.75 105.25
163.25 120.0
178.5 120.0
186.25 120.0
184.75 119.75
182.0 118.5
125.75 81.75
140.25 72.75
149.0 74.0
152.25 83.75
146.5 86.75
137.5 85.75
168.0 89.25
171.5 82.25
175.5 84.25
170.75 90.75
175.0 94.25
172.75 92.5
164.25 153.25
174.25 145.75
184.25 140.25
189.75 141.5
191.25 138.5
190.0 140.25
186.0 145.75
177.25 149.5
184.5 146.75
188.25 145.5
186.75 146.25
177.5 150.25
185.0 147.5
188.75 146.25
187.75 146.5
175.0 154.25
184.5 153.0
189.25 152.5
191.25 150.25
188.75 149.25
