71.0 34.5 165.0 165.0
119.25 66.25
132.75 59.5
150.5 60.0
160.25 65.0
175.5 64.5
179.0 64.25
181.25 65.25
180.25 73.25
174.75 79.25
168.0 79.0
173.0 86.75
183.0 95.0
193.0 105.75
155.5 122.5
172.5 121.75
181.5 121.0
181.5 120.0
181.0 117.75
114.75 86.0
129.25 75.75
140.25 75.75
145.5 84.75
137.5 89.25
127.0 89.5
166.25 87.75
170.5 80.0
177.0 81.0
173.5 87.5
176.25 91.5
172.25 90.5
156.5 156.25
167.25 148.5
178.25 142.5
185.5 142.75
188.5 139.25
189.0 140.5
187.0 145.25
171.0 151.75
179.5 148.5
185.25 146.5
186.0 146.5
171.25 152.5
180.25 149.5
185.75 147.25
186.75 147.0
168.5 157.0
179.0 155.25
185.5 154.0
189.0 151.25
188.25 149.25
