76.5 34.0 161.0 161.0
121.25 66.75
133.75 59.25
150.5 58.25
159.75 62.5
173.0 61.0
175.75 60.5
176.75 61.5
175.25 69.25
169.25 75.5
167.75 76.0
173.25 83.0
184.25 90.25
195.5 100.25
160.5 119.75
176.5 117.5
184.75 116.0
183.75 115.0
182.0 113.0
117.75 86.75
131.25 75.5
141.0 74.75
146.25 83.25
139.75 88.25
130.0 89.25
164.75 84.75
168.0 76.75
173.25 77.25
169.5 83.75
173.5 87.75
170.5 87.0
164.5 153.0
174.25 144.25
184.0 137.5
190.5 137.0
192.25 133.5
192.0 134.5
189.5 139.25
177.75 147.25
185.25 143.25
189.75 140.75
189.5 140.75
178.0 148.0
186.0 144.0
190.25 141.5
190.25 141.0
176.0 152.5
185.75 149.75
191.25 148.0
193.5 145.0
191.75 143.25
