49.5 26.0 175.0 175.0
112.75 64.25
124.5 56.25
139.75 53.5
151.5 59.0
169.75 59.5
174.25 59.75
178.75 63.75
181.0 75.0
177.75 82.25
164.0 72.5
171.0 80.0
184.0 91.5
193.5 104.25
154.5 120.0
170.25 120.75
180.0 120.25
180.5 120.5
180.75 118.5
108.5 83.0
121.25 72.5
132.25 72.0
139.0 80.5
129.75 85.25
118.75 85.75
165.25 86.0
169.5 79.75
178.25 82.5
177.0 89.5
177.0 92.25
171.75 90.0
149.75 153.75
160.75 146.5
173.0 140.5
180.0 142.5
183.5 139.75
185.5 142.5
184.5 149.75
164.75 150.5
173.75 148.0
179.5 147.5
182.25 149.5
165.0 151.25
174.25 149.0
179.75 148.5
182.25 149.5
161.75 155.25
173.25 155.0
179.25 155.25
183.25 153.5
184.25 152.75
