53.5 36.5 173.0 173.0
116.75 75.5
129.25 67.5
145.5 65.0
156.75 70.0
175.5 68.5
180.0 67.5
184.0 69.25
185.0 78.5
181.0 83.75
168.0 84.0
174.5 93.25
186.0 108.0
194.0 123.0
154.0 133.25
169.25 135.0
178.75 134.75
179.5 133.25
179.75 128.5
111.0 93.25
124.75 83.75
136.0 82.25
142.0 89.75
132.5 96.25
121.25 97.0
167.75 92.75
173.0 85.75
181.5 87.5
179.25 93.25
179.0 98.0
174.0 96.5
146.25 165.75
157.5 159.75
170.0 154.75
176.5 156.0
180.0 152.75
181.75 153.5
179.75 157.5
161.0 162.75
169.75 160.75
175.5 159.25
178.0 159.0
161.0 163.75
170.25 161.75
175.5 160.5
178.0 159.75
157.75 167.75
168.5 168.0
174.25 167.5
178.5 165.0
179.5 162.25
