72.0 46.5 150.0 150.0
135.5 78.5
146.5 70.0
159.75 66.5
168.0 70.75
179.0 67.75
180.75 66.5
180.5 67.25
178.0 75.75
171.75 80.5
176.5 83.25
183.5 92.0
196.75 105.5
206.0 119.0
168.25 132.25
182.0 132.0
189.75 131.0
187.25 129.25
184.0 124.0
128.75 96.5
146.5 97.0
147.75 93.25
153.0 90.5
149.25 95.75
140.75 98.5
169.5 91.0
173.75 91.5
176.75 92.25
173.75 90.75
177.5 93.75
174.25 92.5
159.0 166.5
168.25 158.75
182.25 149.5
189.25 148.5
190.0 145.25
185.25 148.25
177.25 154.75
172.5 158.25
181.25 154.5
185.25 151.75
180.75 153.0
169.0 172.5
180.5 172.75
183.5 170.25
180.75 164.25
165.0 173.25
178.25 178.0
185.0 177.25
185.0 172.25
180.25 162.75
