67.5 51.5 163.0 163.0
135.75 83.0
148.5 76.25
163.0 74.5
171.25 79.75
184.75 77.75
187.5 76.25
188.0 76.75
185.25 84.25
178.75 87.75
178.5 93.25
184.0 103.25
194.75 119.25
201.5 134.25
161.25 140.75
175.5 142.75
183.75 142.75
182.25 140.5
181.0 134.25
126.5 99.5
144.25 102.75
147.25 99.0
153.25 96.75
148.0 101.75
138.25 103.5
172.25 99.0
177.0 100.0
180.25 101.0
178.25 98.5
181.0 102.5
177.0 101.0
146.75 172.75
157.25 166.75
172.75 160.0
180.5 160.0
182.25 156.75
178.0 158.5
169.75 163.0
161.75 166.75
171.25 164.75
176.5 162.25
173.0 162.25
156.0 180.25
167.75 182.25
172.0 180.0
171.0 173.25
151.75 180.25
164.5 187.0
171.75 187.25
173.5 182.0
171.0 171.75
