75.5 44.0 154.0 154.0
126.25 85.0
138.75 77.0
154.25 74.0
164.25 78.0
180.25 74.25
183.75 72.25
185.75 72.0
184.75 79.5
179.5 83.25
173.75 91.0
180.0 100.75
191.5 116.5
199.0 131.5
159.5 140.0
173.75 141.25
182.5 140.75
182.0 138.25
181.0 131.75
119.0 101.75
133.25 92.75
143.5 90.0
148.0 96.25
139.5 104.25
129.25 105.5
170.0 96.0
175.0 88.75
181.75 89.25
178.5 93.75
179.25 99.75
175.25 99.25
151.25 170.75
162.0 165.0
173.75 160.0
179.25 160.5
182.0 156.75
182.5 156.0
179.0 158.0
164.75 167.25
172.75 164.75
177.25 162.5
178.25 160.75
164.75 168.0
173.0 165.75
177.25 163.5
178.5 161.75
161.75 172.25
171.5 171.75
176.5 170.75
179.5 167.5
179.5 163.75
