58.5 46.5 166.0 166.0
130.25 77.75
143.75 72.0
159.25 72.25
168.5 78.75
184.75 79.5
188.5 79.0
190.5 80.5
188.75 89.25
183.0 93.0
176.25 93.75
181.0 104.0
190.5 120.5
196.0 136.5
155.25 139.75
169.5 143.75
178.25 144.75
178.25 143.0
178.0 137.75
120.75 94.0
136.0 87.25
146.25 87.25
150.0 95.25
140.5 100.5
130.0 99.5
172.0 101.0
177.75 95.0
184.5 97.75
180.5 102.25
180.5 107.25
176.5 105.5
142.5 170.0
154.25 166.0
167.0 162.75
172.25 164.75
175.75 161.75
176.25 162.5
172.5 165.25
156.75 169.25
165.0 168.25
170.0 167.5
171.25 167.0
156.75 170.0
165.25 169.25
170.0 168.5
171.5 167.75
153.0 173.5
163.0 175.0
168.25 175.25
171.75 173.25
172.25 170.25
