73.0 46.0 151.5 151.5
141.0 66.25
150.5 59.0
162.0 57.5
168.75 63.25
176.75 64.25
177.5 64.5
175.75 67.75
173.0 78.0
166.5 84.25
176.5 76.75
184.0 84.25
198.25 95.75
208.25 108.0
174.0 121.75
186.0 122.5
192.75 122.0
189.75 122.0
184.25 119.5
134.5 84.75
146.75 75.0
153.0 74.5
155.25 83.0
151.75 87.75
144.25 88.0
167.75 88.5
170.0 82.5
173.5 85.25
169.5 91.5
173.25 94.5
171.5 92.25
171.5 154.0
180.25 146.75
189.25 140.75
192.75 142.25
193.5 139.5
191.0 141.75
185.0 148.0
181.75 150.0
187.5 147.5
189.75 146.75
187.25 148.0
182.0 150.75
188.0 148.5
190.0 147.75
188.5 148.25
180.5 155.0
188.5 154.0
191.5 154.0
192.0 152.0
189.0 151.0
