73.5 43.0 150.5 150.5
133.25 64.0
143.25 56.5
155.75 55.0
164.0 60.75
174.75 62.25
176.5 62.5
176.25 66.25
174.75 77.0
169.25 83.75
173.5 74.25
181.0 81.5
195.5 92.75
206.0 104.75
169.5 119.5
183.25 120.25
191.0 119.5
188.5 120.0
184.75 118.0
127.5 82.5
145.0 83.0
146.0 82.25
151.0 81.0
147.75 83.5
139.5 84.25
167.5 87.25
171.75 89.0
174.75 91.0
171.75 91.5
175.75 92.0
172.25 89.5
162.75 156.75
171.75 147.75
185.25 137.75
192.5 137.75
192.75 136.0
188.5 142.25
180.75 152.0
176.0 148.0
184.75 144.25
188.5 143.5
184.25 147.75
173.75 163.5
185.75 164.5
188.75 163.25
185.25 159.75
169.75 164.0
184.0 169.25
191.0 169.5
190.75 166.25
184.75 159.25
