73.5 46.5 147.5 147.5
147.0 83.0
158.0 75.25
169.75 72.5
175.75 76.75
184.0 73.5
184.75 72.0
182.75 72.0
178.0 79.5
170.75 83.25
181.5 89.25
187.75 98.25
199.75 112.5
207.5 126.25
171.75 136.5
183.5 137.0
190.0 136.25
187.25 134.0
182.5 128.25
138.0 100.0
151.75 90.75
158.0 88.5
159.25 94.75
154.75 102.25
147.25 103.5
171.25 94.75
174.25 88.0
177.5 88.5
172.5 93.0
175.75 98.5
174.25 97.75
164.5 167.0
174.0 160.5
183.5 154.75
186.75 155.0
188.0 151.5
185.25 151.25
178.75 153.75
175.0 162.75
181.0 159.75
183.25 157.5
180.75 156.25
175.25 163.5
181.25 160.5
183.25 158.5
182.0 157.0
173.25 167.75
180.75 166.5
183.75 165.25
184.5 162.25
182.0 159.0
