69.0 51.5 159.0 159.0
148.5 80.5
160.5 75.0
173.25 75.25
179.0 81.25
188.5 81.75
190.0 81.0
188.25 82.0
183.25 89.75
175.75 93.0
183.5 95.5
188.5 105.5
198.25 121.25
204.25 136.25
165.75 140.5
178.25 143.5
185.5 144.25
183.0 142.25
180.0 136.75
137.25 96.5
154.0 101.0
155.0 98.25
160.0 96.75
156.5 100.75
148.5 101.25
173.5 101.75
177.0 103.5
179.0 105.0
176.0 103.0
179.5 106.5
177.25 104.5
148.75 172.0
159.5 166.5
174.75 160.5
181.25 161.0
182.0 158.25
176.0 160.5
166.0 165.25
163.25 166.75
172.25 165.25
175.75 163.5
170.5 164.0
156.5 180.25
167.0 183.0
170.0 181.25
168.0 175.0
152.75 180.0
164.25 187.5
170.25 188.25
170.75 183.5
167.5 173.5
