71.0 49.5 160.0 160.0
129.0 81.25
141.25 73.25
156.0 70.25
165.5 74.75
180.0 71.75
183.25 70.0
184.5 70.75
183.0 78.75
177.5 83.0
174.75 87.75
181.25 97.25
193.25 112.25
201.5 126.75
161.5 137.0
176.25 137.75
184.75 137.25
183.75 135.0
182.5 129.0
121.75 98.5
140.0 100.25
143.25 96.25
149.5 93.5
144.0 99.0
134.0 101.5
170.25 94.5
175.5 95.0
179.25 95.75
177.5 93.75
180.0 97.25
175.5 96.0
150.0 170.25
160.0 163.5
175.0 155.5
183.25 155.0
185.25 151.5
181.75 153.75
174.25 159.25
164.75 163.25
174.25 160.25
180.0 157.5
177.0 158.0
160.25 177.25
172.75 178.5
177.25 176.0
176.0 169.5
156.0 177.75
169.75 183.5
177.5 183.25
179.0 178.0
176.25 167.75
