79.5 51.5 155.0 155.0
138.25 81.25
150.0 73.5
163.5 71.0
171.25 75.5
182.5 72.75
184.5 71.25
184.0 71.75
181.0 79.75
174.5 83.75
178.75 88.5
185.0 97.5
197.25 112.25
205.0 126.5
166.5 136.75
180.0 137.25
188.0 136.75
185.75 134.75
183.0 128.75
130.0 98.5
147.75 100.25
149.25 96.25
154.75 93.75
150.5 99.0
142.0 101.5
171.25 95.0
175.5 95.5
178.25 96.25
175.5 94.25
179.0 97.75
175.75 96.5
154.5 169.75
164.25 162.75
179.0 154.75
186.25 154.0
187.0 150.75
182.25 153.0
173.5 158.5
168.5 162.5
177.5 159.5
181.75 156.75
177.25 157.25
164.0 176.25
175.25 177.25
178.75 174.75
176.25 168.5
160.0 177.0
172.75 182.25
179.5 182.0
180.0 176.75
176.0 166.75
