77.0 47.0 159.5 159.5
145.5 74.5
157.0 68.5
169.25 68.25
175.75 74.5
185.0 75.25
186.5 75.0
185.0 77.0
180.75 85.75
173.5 90.25
181.5 88.75
187.5 98.0
199.0 112.5
206.25 126.75
168.75 134.0
181.0 136.5
188.25 137.0
185.75 135.75
181.75 131.5
135.75 91.5
150.0 83.75
157.0 83.5
158.5 91.5
153.0 96.75
144.75 96.25
172.0 97.0
175.75 91.25
179.25 93.75
174.5 98.75
177.0 103.0
175.25 101.25
159.75 165.0
170.0 159.75
180.5 155.25
184.25 156.75
185.75 153.75
183.5 155.0
177.25 159.0
171.25 162.75
177.75 161.0
180.5 160.0
178.75 160.0
171.5 163.5
178.0 162.0
180.75 161.0
179.75 160.5
169.0 167.5
177.25 167.75
180.5 167.75
182.0 165.5
179.75 163.25
