77.0 60.0 154.5 154.5
118.75 87.75
132.0 80.25
148.75 78.0
159.75 82.25
179.25 78.5
184.25 76.5
188.0 75.75
188.5 83.0
183.75 86.0
170.25 95.75
175.5 106.0
185.5 123.25
191.75 139.25
151.5 144.25
166.75 146.5
175.75 146.75
176.75 143.75
177.75 136.75
111.75 103.75
126.25 95.75
137.75 93.25
143.25 99.5
133.0 107.25
121.75 108.0
169.5 99.5
175.25 92.5
183.75 93.0
181.0 97.0
180.25 103.5
175.25 103.0
141.75 174.0
153.0 169.5
165.5 165.25
171.75 166.0
175.5 162.5
177.25 161.5
175.25 162.75
156.25 171.5
164.75 169.75
170.5 167.75
173.0 165.75
156.25 172.5
165.0 170.75
170.5 168.75
173.0 166.75
152.5 176.25
163.0 176.75
168.75 176.0
173.0 172.75
174.25 168.75
