76.0 46.5 149.0 149.0
135.5 62.25
144.0 56.0
154.5 53.5
161.75 59.5
168.75 61.0
170.0 60.0
169.75 62.5
168.5 70.5
162.75 77.25
168.75 75.5
177.0 83.0
190.5 91.75
200.75 102.25
175.0 117.75
184.0 117.75
189.25 116.75
187.75 117.0
185.25 114.0
136.0 85.5
146.5 74.75
152.25 73.5
156.0 82.25
153.0 86.25
145.75 87.5
167.5 84.5
168.75 77.5
171.75 79.25
168.0 85.0
172.75 88.0
171.25 86.5
172.0 151.0
181.5 142.5
190.25 135.0
193.75 135.75
194.0 133.0
191.75 135.0
185.25 141.5
184.0 145.25
190.0 141.75
191.75 140.5
188.75 141.5
184.5 146.0
190.5 142.5
192.5 141.25
190.25 141.5
183.0 150.25
191.75 148.0
195.0 147.5
195.0 145.25
190.5 144.25
