61.5 46.0 167.0 167.0
124.75 71.0
138.0 67.0
154.25 67.5
164.0 75.25
179.25 77.75
184.0 77.0
188.5 79.0
189.5 86.25
184.75 90.5
169.75 93.25
174.0 103.75
182.0 118.25
186.75 133.25
152.0 138.0
164.5 141.5
172.25 142.5
174.0 141.75
178.0 137.25
118.75 93.5
133.75 86.25
144.25 86.75
149.25 96.0
139.25 99.5
128.5 98.5
173.25 101.0
179.25 94.25
186.25 96.75
183.0 100.75
183.25 105.75
178.75 104.25
135.5 168.25
149.0 164.25
163.0 160.75
169.5 162.75
173.25 160.0
175.0 160.75
171.5 163.75
152.5 167.75
162.5 167.0
168.25 166.25
170.25 165.5
152.5 168.75
162.75 168.0
168.25 167.25
170.25 166.5
148.25 172.25
160.0 173.75
166.5 174.5
170.5 172.25
171.25 169.0
