76.5 47.0 154.5 154.5
139.75 74.75
152.25 71.5
166.25 72.25
173.5 80.25
184.5 82.75
188.0 82.0
189.75 83.5
188.0 89.75
181.5 93.25
176.0 97.75
180.0 108.25
188.0 123.0
192.5 137.75
158.5 141.25
169.75 144.5
176.5 145.75
176.75 144.5
179.25 140.0
131.5 96.5
149.25 101.75
151.5 99.5
158.0 99.75
152.25 101.75
143.0 101.75
175.5 104.5
180.5 105.5
183.25 107.0
181.25 104.5
184.0 108.25
180.5 106.5
136.5 172.0
149.25 167.25
166.25 161.75
174.5 163.0
176.25 160.5
172.25 162.5
162.5 166.5
154.5 168.25
165.0 167.25
170.75 166.0
166.75 166.0
147.5 181.5
160.0 185.25
164.75 183.75
164.0 177.25
142.75 181.0
156.0 189.5
164.0 191.25
166.25 186.5
163.75 175.75
