81.0 47.5 154.5 154.5
142.5 73.75
152.75 68.0
164.75 66.0
171.0 71.75
178.75 71.75
180.75 70.0
180.5 71.0
178.25 77.25
171.25 81.5
175.25 88.0
181.5 97.25
192.75 109.5
200.25 122.5
171.0 133.0
180.25 133.75
186.0 133.25
184.75 132.0
183.75 127.0
138.25 96.5
151.25 87.5
158.0 86.0
160.5 93.75
155.75 99.0
148.0 100.0
172.75 94.0
176.0 86.5
179.0 87.75
174.25 91.75
178.0 96.5
176.5 96.0
160.75 165.0
172.0 158.0
182.25 152.0
186.0 152.25
187.0 149.0
185.0 149.25
178.0 152.25
174.0 160.75
181.0 157.5
183.5 155.75
180.75 154.5
174.25 161.5
181.25 158.5
183.75 156.5
182.25 155.25
171.75 165.5
181.0 164.5
184.75 163.5
185.5 160.5
182.0 157.25
