72.5 44.5 152.5 152.5
141.5 64.0
150.75 58.75
161.5 57.5
167.75 64.25
174.5 66.5
175.75 65.75
175.25 68.25
173.25 76.0
166.75 81.75
173.0 81.0
180.0 89.25
192.5 99.75
201.5 111.25
173.75 123.75
183.0 124.75
188.5 124.25
186.75 124.25
185.0 121.0
139.25 87.0
156.25 87.75
155.5 86.75
159.5 86.0
157.75 88.0
151.25 89.0
170.75 89.75
174.25 90.0
175.75 91.5
171.5 91.0
176.75 92.5
174.75 90.75
162.0 160.5
172.25 151.75
185.5 141.75
191.75 141.0
191.0 139.25
185.75 144.0
175.75 152.5
176.75 151.5
185.25 147.75
187.5 146.25
181.25 149.25
174.0 166.5
185.5 166.75
187.5 165.25
182.5 160.75
170.25 167.25
184.25 171.5
190.5 171.5
188.75 167.75
181.0 159.75
