65.5 35.0 166.5 166.5
112.75 66.0
123.75 58.75
139.0 55.0
150.25 60.25
165.25 60.25
169.25 58.75
174.0 60.5
177.0 68.25
174.0 75.0
161.5 76.5
168.5 84.5
181.0 94.5
190.5 106.5
158.25 122.5
172.0 122.25
179.75 121.25
181.0 120.75
184.0 116.75
113.75 89.25
132.25 87.75
135.75 85.75
143.25 84.25
136.5 87.25
126.25 89.75
167.0 84.75
173.25 84.25
177.75 85.25
176.25 84.75
178.75 86.25
173.5 85.0
149.75 161.0
159.75 151.5
175.0 140.25
184.5 139.0
186.75 136.5
186.0 141.25
180.5 150.25
166.0 151.0
176.5 146.5
183.75 144.25
182.25 147.0
164.5 166.75
179.5 166.5
185.0 164.5
184.0 159.25
159.25 167.75
176.5 171.75
186.5 171.5
188.25 167.0
184.0 158.25
