81.0 50.0 140.0 140.0
123.5 65.0
135.25 59.5
150.25 58.0
160.0 65.0
173.5 66.75
177.25 66.0
180.75 68.5
181.75 76.5
177.25 82.25
168.0 82.25
174.25 91.25
185.5 102.75
193.25 115.75
159.75 127.25
172.75 128.75
180.25 128.75
181.0 128.5
183.75 124.75
121.0 88.0
139.75 89.25
142.75 88.0
149.5 87.5
143.5 89.5
133.5 90.5
171.25 91.25
177.0 91.75
180.75 93.25
178.75 92.25
181.5 94.25
177.0 92.5
146.0 164.0
157.25 156.0
173.5 146.75
182.5 146.75
184.5 144.75
182.25 149.25
175.0 157.0
163.25 156.25
174.0 153.0
180.5 151.75
177.75 154.25
159.5 171.5
174.0 173.25
179.0 171.75
178.0 166.5
154.5 171.75
170.5 178.0
179.75 178.75
181.75 174.5
177.75 165.5
