53.5 31.0 174.0 174.0
118.5 58.25
130.25 53.25
145.5 52.5
156.0 59.75
170.5 63.25
174.75 63.0
179.0 67.0
181.25 76.0
177.5 83.25
165.25 77.5
171.25 85.5
182.5 95.5
190.75 107.5
157.0 119.75
170.75 122.0
178.5 122.25
180.0 123.0
183.25 120.75
116.75 81.0
135.25 81.75
139.0 81.75
146.25 82.0
139.5 82.5
129.0 83.0
169.75 88.25
176.0 89.25
180.25 91.5
178.75 91.75
181.0 92.5
176.0 90.0
144.25 158.25
155.5 149.5
172.0 140.0
181.75 140.5
184.0 139.25
183.0 145.5
176.25 155.5
161.75 150.0
173.0 146.75
180.5 146.75
178.5 151.25
158.5 166.25
173.75 168.25
179.5 167.5
179.25 163.75
153.25 166.25
170.0 172.5
180.25 174.0
182.75 171.0
179.25 163.25
