55.5 39.5 166.0 166.0
125.75 64.0
136.5 58.0
150.0 55.5
159.25 61.75
170.5 63.0
173.5 62.0
175.75 64.5
176.5 72.25
171.75 78.75
167.75 78.5
174.75 86.5
187.5 96.75
196.75 108.75
165.5 122.75
177.75 123.5
184.5 122.75
184.5 122.5
185.25 119.0
125.0 87.25
143.5 87.0
145.25 85.75
151.25 84.75
146.5 86.75
137.5 88.5
169.75 87.25
174.75 87.25
178.0 88.75
175.0 88.0
178.75 89.75
175.0 88.0
155.0 160.75
165.5 151.5
180.25 141.0
188.5 140.0
189.5 138.0
186.5 143.0
178.75 151.75
171.0 151.25
181.0 147.0
186.0 145.25
182.25 148.5
168.75 166.75
182.5 167.0
186.5 165.0
183.75 160.5
164.25 167.5
180.25 172.0
188.5 171.75
189.0 167.75
183.0 159.5
