68.0 51.5 162.0 162.0
132.25 75.25
147.25 72.5
161.75 75.5
170.5 82.75
185.25 81.75
187.5 79.25
188.75 77.0
186.25 82.5
180.75 86.5
180.0 99.0
182.75 107.75
189.25 123.25
194.25 139.0
160.0 144.0
172.25 147.5
179.5 147.75
179.25 145.75
177.75 139.0
126.0 95.75
142.0 87.25
153.0 89.5
156.75 100.0
148.0 104.0
136.25 102.25
175.5 102.5
179.75 93.5
184.5 92.75
179.5 97.75
182.0 105.25
179.25 105.0
149.5 171.75
162.0 167.25
173.25 164.0
177.5 165.25
179.5 162.0
178.5 160.5
171.75 161.5
164.25 169.75
171.5 168.5
174.75 167.0
173.5 164.75
164.5 170.75
171.75 169.25
174.75 167.75
174.75 166.0
161.0 174.25
170.0 174.25
174.0 173.75
176.0 171.25
174.5 167.75
