73.0 42.5 154.5 154.5
130.25 67.25
144.0 63.0
158.0 64.75
167.25 71.25
179.75 70.75
181.25 69.0
181.25 68.5
179.0 75.5
174.0 81.0
178.25 87.0
182.5 94.75
191.75 108.0
199.5 122.25
166.25 133.0
179.25 135.0
186.25 134.5
185.0 133.75
182.25 128.5
127.0 88.5
147.0 91.0
150.5 90.5
156.25 90.25
151.5 92.25
140.25 92.0
173.5 93.5
177.5 93.25
180.0 93.75
175.75 92.0
180.75 95.5
177.75 94.5
156.0 165.75
167.25 158.0
181.5 150.25
188.5 150.0
188.75 147.75
183.5 150.5
173.25 156.75
172.25 157.75
180.75 155.25
184.5 153.5
178.75 155.0
168.0 172.5
179.5 174.25
182.25 172.5
179.0 166.75
163.75 172.75
177.0 178.25
183.5 178.25
183.25 174.5
178.0 165.5
