72.0 46.5 159.0 159.0
139.25 66.25
151.75 62.25
163.75 64.0
171.25 70.5
180.0 70.25
180.0 68.75
178.0 68.5
174.25 75.5
168.0 81.25
180.75 85.75
185.25 93.0
194.75 105.75
203.25 119.25
173.0 130.5
184.25 132.25
190.0 131.75
187.75 131.0
182.75 126.25
136.0 87.25
155.5 89.75
157.0 89.25
161.5 89.0
158.75 90.75
149.25 90.75
173.25 92.5
176.0 92.5
177.0 93.0
171.5 91.5
178.0 94.75
176.5 93.5
163.75 163.25
174.5 155.0
187.25 147.0
192.75 146.5
191.75 144.5
185.0 147.5
173.75 154.5
178.5 154.75
186.0 151.75
187.5 150.25
180.5 152.25
174.75 169.5
184.75 170.5
186.0 168.75
181.0 163.75
171.0 169.75
183.25 174.5
188.25 174.25
186.5 170.75
179.25 162.5
