64.0 37.0 168.0 168.0
112.5 62.0
127.25 57.75
143.0 59.25
154.5 66.0
173.75 66.75
177.5 65.5
181.5 66.0
183.25 74.5
180.5 81.5
168.75 82.0
172.5 89.75
180.75 103.0
188.0 117.5
153.0 128.5
167.5 131.5
176.25 131.5
177.75 131.5
177.75 127.25
110.0 83.25
124.0 72.25
137.0 74.5
144.0 85.5
133.25 88.5
120.5 87.5
169.75 90.75
173.5 82.25
181.5 83.25
179.0 90.75
180.5 95.75
175.5 94.0
146.0 159.25
158.5 152.75
171.0 148.75
177.25 150.75
180.0 148.25
181.75 149.5
177.75 154.5
162.75 156.5
171.25 155.0
176.25 154.5
177.75 155.25
163.0 157.25
171.75 156.0
176.5 155.5
178.25 155.5
159.25 161.25
170.25 161.0
175.5 161.0
179.25 160.0
179.25 158.5
