74.0 45.0 154.0 154.0
123.0 60.25
135.5 55.0
149.25 55.5
159.25 61.0
171.25 61.0
172.25 60.0
172.25 61.0
171.25 69.5
167.25 76.75
172.75 75.0
178.25 81.5
189.75 92.5
200.0 104.5
169.25 120.0
182.5 120.75
189.25 119.75
188.0 120.25
184.25 117.0
123.0 81.5
143.0 80.75
146.25 81.25
152.0 81.0
147.5 82.0
136.75 82.75
169.25 84.75
173.0 84.5
175.5 85.75
171.0 85.75
176.5 87.0
173.5 85.5
165.0 155.0
174.75 145.0
187.5 135.25
194.5 134.5
194.25 133.25
189.75 138.5
180.5 148.0
179.75 144.5
187.75 141.0
191.0 139.75
185.75 143.75
178.25 160.5
190.0 161.0
192.5 159.5
188.0 155.75
174.0 161.25
188.25 165.0
195.0 164.5
194.0 161.75
186.75 155.0
