74.5 42.0 151.0 151.0
128.5 63.25
139.75 56.75
152.0 56.25
160.75 61.0
169.25 59.25
169.0 57.75
167.0 58.25
164.75 66.0
160.25 73.0
173.5 74.0
179.5 80.0
191.75 90.25
202.75 101.75
175.75 118.75
187.0 118.5
192.5 116.75
190.25 116.75
184.25 113.5
130.0 84.75
141.0 71.5
149.5 71.5
155.25 81.25
151.25 85.5
141.5 86.75
167.5 82.25
166.75 74.0
168.5 74.0
165.0 81.5
171.5 85.5
170.75 84.5
178.25 148.25
187.25 139.25
194.75 132.75
197.75 133.5
197.25 130.75
194.0 132.0
186.75 138.0
189.5 141.75
194.25 138.75
195.25 137.25
191.25 138.25
189.75 142.5
194.75 139.25
195.5 138.0
193.25 138.25
188.75 146.75
195.75 144.25
198.0 143.0
197.5 141.5
193.25 140.75
