73.5 42.0 147.5 147.5
136.0 60.5
148.0 56.5
160.0 58.5
167.75 65.0
176.25 66.25
176.25 65.25
174.0 66.25
170.75 74.5
165.25 81.25
178.25 80.0
183.25 86.75
194.0 98.25
203.5 110.75
174.25 123.25
185.75 125.0
191.5 124.5
189.0 124.75
183.75 121.5
134.25 81.5
153.75 82.75
155.0 83.5
159.5 83.75
157.0 84.25
147.75 84.0
171.5 89.0
174.0 89.25
175.25 90.5
169.5 90.25
176.25 92.0
174.75 90.25
167.75 157.25
178.0 148.0
190.0 139.5
195.5 139.25
194.25 138.0
187.75 142.75
177.0 151.25
182.0 148.0
189.25 144.75
190.75 144.0
183.75 147.75
179.5 163.25
189.75 164.5
190.75 163.25
185.25 159.5
175.75 163.75
188.5 168.0
193.5 168.25
191.5 165.5
183.25 158.75
