72.0 47.0 151.5 151.5
124.0 65.5
137.0 59.5
151.0 59.5
160.75 64.75
173.0 63.0
174.0 61.25
174.0 61.0
172.75 68.5
168.25 75.0
174.0 78.75
179.5 85.5
190.5 97.5
200.5 110.25
169.75 125.25
182.25 125.75
189.0 124.5
187.75 124.0
183.5 119.75
124.0 87.0
136.5 74.5
147.0 75.0
153.0 85.0
146.5 89.5
135.5 90.25
170.0 86.25
170.75 77.5
174.5 77.0
171.0 84.25
176.0 89.25
174.0 88.5
168.5 155.5
179.25 147.25
188.75 141.5
192.75 142.0
193.25 139.25
191.5 139.75
184.75 144.75
182.0 150.0
188.25 147.0
190.5 145.5
188.0 145.75
182.25 150.75
188.75 147.75
190.75 146.5
189.5 146.0
180.25 155.0
188.75 153.0
192.0 151.75
193.0 150.0
189.75 148.5
