64.0 50.5 164.5 164.5
125.5 74.75
140.25 70.25
155.25 71.5
165.25 77.5
180.5 74.75
183.0 72.0
184.25 69.75
183.0 75.25
178.0 80.0
177.0 92.75
180.5 101.25
188.75 115.75
195.75 131.0
161.0 140.0
174.5 142.25
182.25 141.75
182.0 139.75
180.5 132.75
122.0 95.75
142.0 99.25
146.75 97.25
153.5 96.25
147.25 99.5
135.0 100.25
173.75 96.75
178.5 96.0
181.75 95.75
178.25 92.25
182.5 97.5
178.5 97.25
149.75 171.0
161.0 164.5
175.75 157.5
183.5 157.0
184.5 154.0
180.5 154.75
171.0 159.0
166.25 164.25
175.25 161.75
180.25 159.0
175.75 158.75
161.5 178.0
173.25 179.75
177.0 177.25
175.25 170.25
157.0 178.25
170.25 183.75
177.25 183.5
178.5 178.75
174.5 168.25
