61.0 44.5 167.5 167.5
116.25 70.0
130.5 64.0
146.25 64.0
157.25 69.25
173.75 66.25
176.25 64.0
178.5 62.75
178.75 69.5
175.25 75.25
171.5 83.75
176.0 91.5
186.0 104.75
194.75 119.25
160.5 132.25
175.0 133.25
183.0 132.25
183.0 131.0
181.75 125.25
115.5 91.5
135.5 92.25
141.0 90.75
148.0 89.5
141.25 92.5
128.75 94.0
170.5 90.0
175.5 89.0
179.5 89.0
176.25 86.75
180.25 90.5
175.75 90.25
153.25 165.75
163.75 157.5
178.25 148.75
186.5 147.75
187.75 145.25
184.75 147.75
176.25 154.25
169.25 157.0
178.5 153.75
184.0 151.0
180.25 152.5
166.25 172.0
179.0 173.0
183.0 170.5
181.25 164.5
161.75 172.5
176.25 177.25
184.0 176.75
185.25 172.25
180.75 162.75
