77.0 45.0 150.5 150.5
140.25 76.75
154.25 73.25
167.0 75.25
174.5 81.5
185.5 79.25
186.5 76.5
185.5 74.0
181.25 79.0
175.0 83.0
183.0 96.75
186.25 105.0
193.75 119.5
199.5 134.5
167.5 142.0
178.75 144.25
185.0 144.0
183.5 141.75
179.75 135.0
134.5 97.5
150.0 88.25
159.25 89.25
161.75 99.0
155.25 104.0
145.0 103.25
175.75 99.75
178.5 90.75
181.25 89.25
175.75 94.25
179.75 101.75
178.5 101.75
159.25 169.75
170.75 164.25
180.75 160.25
183.75 160.75
184.75 157.5
182.25 155.75
174.0 157.0
172.5 166.5
178.5 164.5
180.5 162.5
177.5 160.25
172.5 167.25
178.75 165.25
180.5 163.25
179.0 161.25
169.75 171.25
177.75 170.25
180.5 169.0
181.25 166.5
178.25 163.0
