62.5 35.0 167.5 167.5
110.25 64.25
124.25 58.0
140.0 58.0
151.75 63.25
169.5 61.5
172.5 59.75
175.5 60.0
177.25 68.0
174.5 75.0
167.25 77.5
172.0 84.5
182.25 96.75
191.75 110.0
157.75 125.25
172.75 126.25
181.25 125.0
182.0 124.75
181.25 120.5
110.5 85.5
130.0 85.0
136.25 84.75
143.75 83.75
136.25 85.75
123.25 87.0
168.0 86.0
173.75 85.5
178.25 86.0
175.75 85.25
179.0 87.5
174.0 86.5
152.25 160.25
162.25 151.0
176.75 141.75
185.75 141.0
187.25 139.0
185.5 143.25
178.0 151.75
168.25 150.75
177.75 147.25
184.0 145.5
181.25 148.5
166.0 166.75
179.75 167.75
184.25 166.0
183.0 161.0
161.25 167.25
176.5 172.0
185.0 171.75
187.0 168.25
182.75 160.0
