53.5 53.0 164.5 164.5
119.0 75.25
134.75 72.5
151.0 75.5
161.5 82.75
181.0 81.75
185.25 79.0
189.25 77.0
189.5 82.5
185.25 86.75
173.0 99.75
175.25 108.75
181.0 124.75
185.5 141.5
149.25 145.25
163.5 149.5
172.0 150.0
173.5 148.0
175.0 140.75
114.0 95.75
133.0 101.5
140.0 100.25
147.75 100.25
139.25 102.75
125.75 101.75
173.0 103.25
179.0 103.0
184.0 103.25
182.5 99.25
184.25 105.0
178.75 104.5
135.0 174.25
146.5 169.5
162.5 165.0
171.5 165.75
174.0 163.0
172.25 163.25
164.0 166.0
152.5 170.25
162.25 169.25
169.5 167.25
167.0 166.25
146.25 183.25
158.75 187.0
164.0 185.25
165.0 177.75
141.5 182.75
154.5 190.5
162.75 191.5
166.0 186.75
165.5 175.75
