83.0 50.0 155.5 155.5
140.5 69.5
153.5 65.75
165.75 68.0
173.0 74.5
182.5 73.75
182.75 71.75
181.0 70.75
177.0 77.0
170.75 82.0
182.0 89.75
186.0 97.5
195.0 111.0
202.25 125.0
171.5 134.75
182.5 137.0
188.5 136.5
186.25 135.25
181.75 129.75
136.25 90.75
150.5 80.5
159.25 82.25
162.0 92.75
156.75 96.5
146.75 95.75
174.25 95.25
176.25 86.5
178.0 86.25
172.75 92.25
177.75 98.25
177.0 97.75
165.75 163.5
176.75 157.25
185.75 152.75
188.75 153.75
189.25 150.75
186.0 150.5
177.5 153.5
178.25 160.0
183.75 157.75
185.25 156.25
181.5 155.5
178.5 160.75
184.25 158.5
185.5 157.0
183.25 156.25
176.25 164.5
183.75 163.5
186.25 162.75
186.5 160.75
182.75 158.25
