69.0 33.0 175.0 175.0
123.0 61.0
137.25 57.0
151.75 59.0
162.0 66.0
176.75 67.0
179.0 66.0
180.25 67.0
179.5 75.5
175.25 82.25
174.75 81.75
178.75 89.0
188.25 101.75
196.75 115.5
162.25 126.75
176.25 129.5
184.25 129.25
183.75 129.5
182.0 125.5
120.5 82.0
140.5 84.0
145.25 84.75
151.75 85.0
145.75 85.5
133.5 85.0
172.0 90.75
176.75 91.0
180.0 92.5
176.5 91.75
181.0 94.0
177.0 92.0
153.0 161.0
164.25 152.75
179.0 144.75
187.0 145.0
188.0 143.5
184.0 148.0
174.75 156.25
169.75 153.0
179.0 150.5
184.0 149.75
179.5 153.0
166.0 168.5
178.5 171.0
182.25 170.0
180.0 165.25
161.25 168.5
175.75 174.75
183.25 175.25
184.0 172.5
179.25 164.5
