74.5 38.0 159.5 159.5
132.0 66.0
144.0 60.25
156.25 60.0
164.75 65.25
173.75 63.25
173.75 61.5
171.75 61.25
169.0 68.25
164.0 74.75
176.5 79.0
182.0 85.75
193.25 97.25
203.25 109.5
174.75 124.75
186.0 125.0
191.75 123.5
189.5 123.0
183.75 118.75
131.5 87.5
143.75 75.0
152.5 75.5
157.5 85.25
153.0 89.75
143.0 90.75
170.0 86.0
170.25 77.5
172.0 77.0
168.0 84.0
174.0 88.75
173.0 88.25
174.5 154.25
184.25 146.0
192.5 140.0
195.5 140.5
195.25 137.5
192.0 138.25
184.25 143.0
186.25 148.5
191.5 145.5
192.5 143.75
188.75 144.0
186.75 149.0
191.75 146.25
193.0 144.5
190.5 144.25
185.25 153.5
192.5 151.0
194.75 150.0
194.5 148.0
190.5 146.5
