77.0 42.5 148.5 148.5
119.0 72.25
133.75 67.5
149.5 68.25
160.5 74.25
177.25 71.5
180.25 69.0
182.5 67.25
182.5 73.25
178.5 78.5
173.5 89.5
177.5 97.75
186.0 112.0
193.5 127.25
159.25 137.25
172.75 139.5
180.75 138.75
181.25 137.25
179.75 130.75
116.75 93.5
131.0 82.75
143.25 83.5
149.5 93.75
140.0 98.5
127.5 98.5
171.75 94.25
175.25 84.75
181.5 83.75
178.0 89.75
180.75 96.5
176.75 96.5
152.75 166.75
164.75 160.75
176.25 156.0
181.5 156.75
183.75 153.5
183.75 152.75
178.5 155.0
168.25 163.25
176.0 161.0
179.75 159.25
179.75 157.75
168.5 164.0
176.25 162.0
180.0 160.0
180.5 158.5
165.25 168.25
175.0 167.25
179.5 166.25
182.25 163.75
181.0 160.5
