68.0 51.5 159.5 159.5
133.25 70.75
147.75 68.25
162.0 71.5
170.75 78.75
184.75 79.25
186.75 77.25
187.5 76.0
185.0 82.25
179.25 87.0
180.25 95.5
183.0 104.0
190.25 119.0
195.75 134.5
161.0 140.25
173.75 144.0
181.25 144.25
180.5 143.0
179.0 136.75
127.25 91.5
146.75 96.75
151.0 96.25
157.25 96.25
151.5 98.0
139.75 97.0
175.5 100.75
179.75 100.75
182.75 101.25
179.0 98.25
183.25 103.0
180.0 102.0
146.5 171.0
158.5 165.0
173.75 159.5
181.25 160.0
182.0 157.5
177.25 158.75
166.75 163.25
163.5 165.5
172.75 164.0
177.25 162.25
172.0 162.5
157.5 179.25
168.75 182.5
172.25 180.75
170.5 174.0
153.0 179.0
165.5 186.0
172.25 186.75
173.25 182.5
169.75 172.5
