77.0 45.5 158.5 158.5
118.25 62.5
133.0 58.75
148.5 60.75
159.25 67.75
176.75 68.75
179.75 67.5
182.75 68.0
183.25 76.25
179.5 82.75
172.5 84.0
176.0 91.75
184.5 105.25
191.75 120.0
157.0 130.0
171.0 133.0
179.25 133.25
180.0 133.0
179.0 128.5
115.25 83.75
129.5 73.25
142.0 75.75
148.25 87.0
138.25 89.75
125.75 88.5
171.5 92.5
175.0 84.0
181.75 85.0
178.5 92.25
180.75 97.25
176.75 95.5
149.75 160.25
162.25 154.0
174.5 150.25
180.0 152.0
182.25 149.5
183.0 150.75
178.0 155.25
166.0 157.75
174.25 156.25
178.5 155.75
178.75 156.25
166.25 158.5
174.5 157.25
178.75 156.5
179.5 156.75
162.75 162.5
173.0 162.25
178.0 162.25
181.0 161.0
180.25 159.5
