63.5 43.0 165.5 165.5
138.0 75.25
150.75 70.75
165.25 73.25
172.5 79.0
182.25 78.5
183.75 78.0
184.25 77.25
181.25 82.75
175.75 86.0
178.25 91.75
182.5 100.5
190.5 112.0
196.25 125.75
161.5 134.25
173.75 135.5
180.75 135.0
179.25 134.0
178.5 129.5
133.0 93.0
151.0 97.0
153.0 95.25
158.5 95.0
154.0 97.25
145.0 97.5
173.25 97.0
177.75 96.75
180.5 97.5
177.0 95.25
181.25 99.0
177.75 98.0
150.5 170.0
159.75 162.25
173.25 155.0
180.75 155.0
181.75 151.75
177.75 154.5
171.0 161.25
164.5 162.75
172.25 160.25
176.75 158.0
173.5 159.0
159.25 176.5
169.5 178.5
173.25 176.5
171.5 170.25
155.5 177.0
167.0 183.75
174.25 183.75
174.75 179.25
172.0 169.25
