73.0 42.5 147.5 147.5
125.25 75.0
138.0 68.5
154.0 68.5
163.25 73.0
175.25 70.75
177.5 70.0
179.25 69.0
178.5 74.5
174.25 78.5
172.0 85.0
177.25 93.0
186.75 103.75
194.0 117.0
159.25 130.25
172.75 129.75
180.25 128.5
179.5 127.5
179.75 122.75
123.25 93.25
142.25 94.5
145.25 92.25
151.5 91.0
146.0 94.25
136.0 95.75
169.5 90.75
175.0 89.75
178.75 89.75
176.0 87.75
179.5 91.25
175.0 90.75
153.5 167.25
161.75 158.5
174.75 149.5
183.0 148.5
184.5 145.0
182.0 148.0
177.0 155.75
167.0 158.25
175.0 155.0
180.5 152.0
178.25 153.0
163.75 172.75
175.0 173.5
179.25 171.0
178.0 164.75
159.75 173.75
172.5 179.0
180.75 178.25
181.75 173.25
178.5 163.5
