77.0 45.5 152.5 152.5
132.25 69.0
142.75 63.5
156.25 64.75
164.75 69.0
175.25 68.5
176.5 69.25
177.75 69.0
177.25 75.25
171.25 80.25
175.25 78.25
181.5 86.0
192.75 98.75
203.75 114.25
169.75 128.75
182.5 128.5
189.75 128.0
187.5 126.25
184.25 123.0
129.25 89.0
140.5 78.25
148.0 77.75
152.25 85.75
147.25 90.25
139.25 91.25
167.5 87.75
169.75 80.75
174.75 81.75
172.0 88.0
174.5 91.25
171.5 90.25
161.5 157.75
174.0 151.75
184.75 146.75
189.0 147.5
190.25 144.0
189.25 143.0
183.25 146.0
175.75 155.75
183.0 153.75
186.25 151.5
184.75 149.25
175.75 156.75
183.5 154.75
186.75 152.75
186.0 150.5
172.75 161.5
182.75 161.25
187.25 161.25
189.0 157.0
186.25 153.0
