58.0 37.5 167.5 167.5
130.0 68.25
142.25 64.5
157.0 68.5
166.0 74.25
179.75 76.5
182.0 78.0
185.25 78.5
185.5 85.0
180.0 89.5
176.0 85.75
180.75 94.5
189.0 109.25
196.75 126.75
159.25 135.0
173.0 137.25
181.25 138.5
180.5 136.75
179.75 133.25
124.25 87.5
137.75 78.75
147.0 80.25
151.0 89.25
143.5 92.25
134.0 91.5
170.0 95.0
174.0 88.5
180.75 90.75
177.75 97.0
178.5 100.25
174.5 98.5
145.25 162.5
159.0 158.75
171.75 156.25
177.0 158.25
179.75 155.25
180.5 154.5
176.0 157.0
161.0 163.5
169.75 163.25
174.5 162.25
175.5 160.0
160.75 164.5
169.75 164.5
174.5 163.5
175.75 161.5
156.5 168.5
167.25 170.75
173.0 172.0
176.75 168.25
176.25 164.25
