58.5 28.5 166.5 166.5
117.0 66.75
128.75 59.5
145.0 58.75
155.0 63.0
167.5 61.5
170.0 61.5
172.25 62.25
173.5 69.5
170.0 75.25
165.75 74.75
172.0 81.5
182.5 89.75
191.75 101.5
158.5 119.25
172.5 118.0
180.25 116.25
179.75 116.5
180.0 113.5
117.5 85.25
136.25 84.25
139.5 83.5
146.0 82.5
140.5 84.5
130.25 86.0
165.25 83.25
170.75 82.5
175.0 83.0
172.5 82.75
176.0 84.25
171.25 83.25
158.0 158.5
165.25 148.25
177.25 137.25
186.0 136.0
187.25 133.5
185.75 138.25
182.5 148.25
170.75 147.75
178.5 143.5
184.25 141.25
182.75 144.25
169.5 163.5
181.75 163.75
186.0 161.5
184.25 156.5
165.5 164.5
179.75 169.0
188.25 168.0
189.25 164.0
185.0 155.5
