73.0 42.0 153.5 153.5
150.25 78.25
161.0 74.75
172.25 78.25
178.25 83.5
186.0 83.75
186.0 84.25
185.75 83.0
182.5 87.75
174.5 90.25
184.5 94.25
189.0 103.25
196.75 118.5
203.5 135.5
169.25 142.0
180.25 144.0
186.75 144.5
184.0 142.0
180.5 137.0
141.75 96.25
154.75 88.25
161.0 88.5
162.0 96.5
157.5 100.75
150.5 100.5
173.0 99.5
176.0 92.75
179.5 94.0
174.5 98.75
177.25 103.25
175.5 102.25
154.75 167.75
167.75 164.25
178.0 161.5
181.25 162.25
182.75 159.0
180.75 157.0
173.0 157.25
167.75 168.0
174.5 167.0
177.0 165.0
174.75 161.5
167.5 168.75
174.5 168.0
177.0 166.25
176.0 163.25
163.75 172.75
172.5 174.25
176.25 174.5
177.75 170.25
175.25 165.0
