65.5 38.0 170.0 170.0
149.25 74.25
160.75 70.75
173.0 74.0
178.25 80.0
184.5 80.5
185.0 80.25
183.25 80.0
178.5 85.5
171.75 88.5
181.75 93.0
185.75 101.5
193.75 112.75
199.0 126.0
166.75 133.75
177.25 135.25
183.0 135.25
180.5 134.25
178.25 130.25
143.0 91.75
160.0 96.25
160.0 95.25
164.25 95.25
161.75 97.0
154.75 96.5
174.0 98.5
177.0 98.5
178.75 99.5
174.25 97.25
179.25 101.0
177.5 99.75
155.0 169.0
164.25 161.5
177.0 154.25
182.75 154.5
182.75 151.5
177.5 154.5
169.75 161.5
168.0 162.0
175.25 159.75
177.75 157.75
173.0 158.75
162.5 175.75
171.5 177.75
173.75 176.0
171.0 170.0
159.25 176.0
169.5 182.75
175.5 183.0
174.75 178.5
170.75 169.0
