60.5 30.5 173.0 173.0
132.25 68.75
142.5 62.75
155.75 64.0
164.25 68.0
174.5 67.5
175.75 68.25
176.75 68.25
176.25 74.25
170.25 79.5
174.75 77.25
181.25 84.75
193.0 97.25
204.25 112.5
170.5 127.5
183.25 127.0
190.5 126.5
188.0 125.0
184.5 121.75
129.25 88.5
140.25 77.75
147.75 77.0
152.0 85.0
147.5 89.5
139.25 90.75
167.0 86.75
169.0 79.75
174.0 80.75
171.25 87.25
174.0 90.25
171.0 89.25
162.75 156.75
175.25 150.5
185.75 145.25
190.0 146.0
191.25 142.5
190.0 141.5
184.0 144.75
177.0 154.5
184.25 152.25
187.25 150.25
185.75 148.0
177.0 155.5
184.75 153.25
187.75 151.25
187.0 149.0
174.0 160.25
184.0 160.0
188.5 159.75
190.0 155.5
187.25 151.5
