74.5 45.0 147.5 147.5
124.75 61.75
136.25 56.0
151.5 57.0
160.25 62.25
171.0 63.25
173.0 63.75
174.0 65.75
173.75 74.0
169.5 80.0
169.5 75.0
175.5 81.5
186.0 89.75
195.0 101.25
162.25 116.75
175.25 116.75
182.5 115.75
181.25 116.5
180.75 114.75
123.75 80.25
142.5 80.25
144.75 80.75
150.75 80.75
146.0 81.5
136.5 81.5
167.25 84.75
172.25 84.75
175.75 86.25
172.5 86.75
176.75 87.5
172.5 85.75
160.0 155.75
167.5 146.0
179.75 135.75
187.75 135.5
188.25 133.5
186.0 139.0
181.5 149.5
172.75 146.0
180.25 142.25
185.25 141.25
182.75 145.0
170.75 162.0
182.5 162.75
186.25 161.5
184.0 157.25
167.0 162.5
180.75 167.75
188.75 167.5
189.0 164.5
184.25 156.75
