66.5 28.0 151.5 151.5
113.0 60.0
125.75 54.25
142.5 55.0
153.0 60.25
167.5 61.5
171.0 62.25
175.0 64.75
177.25 73.75
174.75 80.0
164.0 73.25
169.25 79.75
179.0 87.75
187.0 99.25
152.0 115.25
167.0 115.75
175.5 114.75
176.0 116.0
178.0 114.5
112.5 78.25
131.0 78.25
136.0 79.25
143.25 79.25
136.0 79.5
124.75 79.5
165.5 83.75
171.75 84.0
177.0 85.75
175.75 86.5
177.75 87.0
172.0 84.75
148.75 155.25
156.75 145.25
170.0 135.0
179.75 135.25
182.25 133.5
181.75 139.75
179.0 150.75
162.75 145.5
171.5 142.25
179.0 141.5
178.5 145.75
160.5 162.0
173.75 163.5
179.5 162.75
179.5 158.75
156.0 162.5
170.5 168.5
180.5 169.0
183.0 166.25
180.5 158.25
