73.0 50.0 162.0 162.0
127.5 74.75
142.0 71.5
158.5 75.5
167.25 82.25
181.5 83.25
184.75 83.25
188.25 83.0
187.75 88.5
183.25 91.5
174.0 96.25
177.0 105.5
183.25 118.25
187.0 133.25
149.25 137.5
163.25 140.5
171.5 141.25
171.75 140.25
174.5 136.0
122.0 92.25
140.0 98.0
144.75 96.75
151.75 97.25
144.5 98.75
133.5 97.75
172.25 101.75
178.5 102.25
183.0 103.5
181.75 101.0
183.5 105.0
178.25 103.5
135.0 172.25
145.25 165.75
160.25 160.25
169.25 161.75
172.0 158.75
170.0 161.25
164.25 167.75
150.5 167.0
159.5 166.0
166.75 164.75
165.25 165.25
144.0 180.5
155.5 184.25
161.0 183.25
162.25 176.75
139.75 180.25
151.25 189.0
160.0 190.5
163.25 186.25
163.5 175.75
