71.5 39.5 164.5 164.5
140.75 70.25
151.0 65.5
163.25 67.75
170.5 72.5
179.25 72.5
179.75 73.5
179.75 73.25
178.0 79.0
171.0 83.5
179.25 82.25
185.25 90.25
195.75 103.75
205.5 119.5
172.0 131.75
183.75 132.25
190.5 132.0
188.0 130.25
184.0 126.75
135.75 89.75
147.5 80.0
154.0 80.0
157.0 88.25
152.75 92.25
145.25 93.0
169.5 90.75
171.75 84.0
175.75 85.25
172.0 91.25
175.0 94.75
173.0 93.5
162.0 160.0
174.5 154.5
184.75 150.25
188.5 151.0
189.5 147.75
187.75 146.75
180.75 149.0
175.5 158.5
182.5 156.75
185.0 155.0
182.75 152.5
175.5 159.5
182.75 158.0
185.25 156.0
184.0 153.75
172.5 164.0
181.75 164.5
185.75 164.25
187.0 160.25
183.75 156.0
