59.0 36.5 173.0 173.0
138.5 72.0
152.25 68.25
166.0 73.0
173.0 76.5
183.75 74.5
185.0 75.25
185.5 74.0
182.5 78.5
174.75 83.5
180.75 85.25
185.0 94.0
193.25 105.75
200.25 119.75
166.0 130.25
177.75 131.25
185.0 131.0
183.0 130.75
182.0 127.75
131.0 90.75
150.5 93.0
151.75 91.25
156.5 90.0
153.25 93.5
144.25 94.25
171.75 92.5
176.0 93.0
178.75 94.0
175.0 92.75
179.5 95.75
176.25 94.25
155.0 167.0
164.75 159.0
178.25 151.25
185.25 151.25
186.0 149.0
181.0 152.5
172.5 160.0
169.25 158.0
177.25 155.25
181.0 153.75
176.25 156.25
164.75 172.25
175.25 173.75
178.25 172.25
175.5 167.5
161.0 172.0
172.75 177.25
179.25 177.0
179.25 174.0
174.75 166.0
