58.0 29.5 171.5 171.5
126.75 64.25
139.5 59.25
155.0 61.25
163.75 67.25
175.5 68.5
177.5 69.0
179.25 70.5
178.75 78.25
174.25 83.5
172.25 80.75
177.5 88.0
186.75 97.75
194.25 110.5
160.0 122.75
173.0 123.75
180.25 123.25
179.75 123.75
179.0 121.25
124.25 82.5
137.75 73.25
147.25 74.75
152.0 85.0
144.75 87.5
134.75 86.5
169.5 89.25
173.25 82.0
179.0 83.75
175.5 90.25
178.25 94.0
174.5 92.25
157.5 157.25
167.0 149.75
176.75 144.5
182.0 146.25
184.0 143.25
184.5 145.0
183.0 151.75
170.0 153.5
176.5 151.75
180.25 150.75
181.25 151.5
170.25 154.5
176.75 152.75
180.75 151.75
181.5 151.75
168.0 158.5
176.5 158.75
181.5 158.5
183.75 156.75
183.25 154.75
