53.5 29.0 173.0 173.0
116.25 65.75
129.75 60.75
147.25 62.75
157.5 68.5
173.0 69.5
176.5 69.75
181.0 71.0
182.75 78.75
179.75 83.75
167.25 82.25
171.5 90.25
179.75 100.75
186.0 114.25
150.0 125.5
164.25 127.0
172.75 126.75
173.5 127.0
175.75 124.25
113.75 84.0
127.5 75.0
139.25 76.25
145.25 86.5
135.5 89.5
124.0 88.25
168.0 90.75
173.0 83.0
181.25 84.75
178.75 91.25
179.5 95.25
174.0 93.75
144.5 160.5
155.0 153.5
166.25 148.75
173.0 150.75
176.25 147.5
178.5 149.25
178.5 155.75
159.0 157.5
166.5 155.75
172.25 155.0
175.25 155.5
159.0 158.25
167.0 156.75
172.5 156.0
174.75 156.0
156.0 162.5
165.5 163.0
171.75 163.0
175.75 161.25
177.0 159.0
