63.0 51.0 162.0 162.0
129.5 85.25
143.5 80.25
160.0 81.5
168.5 86.5
181.5 83.5
184.0 82.25
186.5 79.5
185.25 82.75
180.25 84.75
175.25 98.5
179.0 107.75
186.25 120.25
191.0 134.75
155.5 141.5
168.25 142.5
175.75 142.0
175.5 139.75
176.25 133.75
124.75 102.25
139.75 94.25
150.0 94.0
153.75 101.75
145.25 107.5
135.0 107.25
172.25 100.75
177.75 92.25
183.75 91.25
179.75 94.75
181.0 102.0
177.25 102.5
147.75 173.75
157.75 167.75
168.25 163.0
173.25 163.5
176.0 159.5
176.75 158.75
174.75 161.5
160.5 169.75
167.0 167.75
171.5 165.5
172.75 163.25
160.5 170.75
167.25 168.75
171.5 166.5
172.75 164.5
157.75 175.0
165.75 175.0
170.75 173.75
173.75 170.75
174.25 166.5
