80.5 54.5 150.0 150.0
150.25 79.0
162.0 75.25
174.25 78.0
179.25 83.75
186.0 83.25
186.25 82.5
184.75 81.5
179.75 85.75
172.75 88.25
182.25 96.25
186.25 105.0
193.75 116.5
198.25 130.25
166.25 137.25
176.25 138.5
182.0 138.25
179.75 137.0
177.25 132.25
143.5 96.25
157.5 88.75
164.0 89.75
164.5 98.5
160.0 102.5
152.25 101.5
174.25 100.25
178.25 92.75
180.5 93.0
174.5 97.0
178.25 103.0
177.0 102.5
158.75 169.5
168.0 163.0
176.25 158.5
179.25 159.5
180.5 156.0
179.0 156.0
174.25 159.75
168.75 165.75
173.75 163.75
176.0 162.0
174.75 161.0
169.0 166.75
174.0 164.75
176.25 163.25
175.5 161.75
167.0 170.75
173.5 171.0
176.5 170.0
177.5 167.5
175.75 164.0
