74.5 44.5 166.5 166.5
140.0 73.0
153.0 69.5
167.25 73.0
174.0 79.5
183.75 80.25
185.25 80.25
185.5 80.25
182.5 86.0
176.5 89.25
179.25 93.0
183.0 101.5
190.75 113.25
195.75 127.25
161.5 134.0
173.0 136.0
179.75 136.25
178.5 135.5
177.5 131.5
134.25 90.5
148.75 83.25
157.25 85.0
159.5 94.75
153.0 97.75
143.75 96.25
173.75 98.5
178.0 91.5
182.25 92.5
177.25 97.5
180.0 102.75
177.5 101.5
153.75 167.25
163.75 161.0
173.25 156.75
177.5 158.5
179.5 155.25
179.25 156.0
175.75 160.75
165.5 164.25
171.5 162.75
174.75 161.75
175.0 161.25
165.5 165.25
171.75 163.75
175.0 162.75
175.25 161.75
163.0 169.25
170.75 170.0
175.0 169.75
176.75 167.5
176.25 164.75
