74.0 40.0 170.0 170.0
118.5 74.75
133.25 69.25
150.5 72.0
160.5 74.25
176.5 69.75
179.75 70.0
184.0 67.75
184.5 71.75
178.75 77.5
171.5 82.0
176.5 90.75
185.25 102.75
193.0 117.0
157.0 130.25
171.0 130.0
179.75 129.25
179.5 128.5
181.5 125.0
115.0 93.75
135.25 94.25
139.25 91.5
145.75 89.5
140.0 93.75
128.5 96.0
168.5 89.0
174.75 88.75
179.5 89.25
177.5 87.5
180.0 90.75
174.75 90.0
149.25 167.5
158.25 159.25
172.5 151.0
181.5 150.25
183.75 147.25
181.75 150.75
175.75 158.25
163.75 158.0
172.75 154.75
179.25 152.5
177.25 154.75
160.5 172.5
173.0 173.5
178.0 171.5
177.25 166.25
156.0 172.5
169.5 177.5
178.0 176.75
180.0 173.0
177.25 164.5
