86.0 44.5 146.5 146.5
119.25 64.5
132.0 58.5
148.5 59.5
158.25 64.75
171.25 65.0
174.0 65.25
176.75 66.75
177.5 74.5
174.0 80.0
168.0 77.5
173.5 84.75
183.25 93.75
191.25 106.25
157.25 120.75
170.75 121.0
178.5 120.25
178.5 120.5
178.75 118.25
118.25 83.0
131.0 72.75
141.5 73.5
147.5 83.25
139.5 86.5
128.75 86.25
167.25 86.5
171.0 78.75
177.5 80.0
175.0 86.75
177.25 90.5
173.0 89.0
156.25 155.75
165.5 147.75
175.5 142.0
181.5 143.5
183.75 140.25
185.0 142.0
184.5 148.75
169.25 151.5
176.0 149.0
180.5 148.0
182.25 148.5
169.5 152.25
176.5 150.0
180.75 149.0
182.25 148.75
167.25 156.5
176.0 156.25
181.5 155.75
184.25 153.75
184.5 152.0
