58.0 36.5 173.0 173.0
131.5 72.25
146.25 68.25
161.25 72.75
169.5 76.0
182.25 73.75
184.5 74.5
186.5 73.0
184.75 77.5
177.5 83.0
178.25 85.0
182.75 93.75
190.75 105.75
197.75 120.0
163.0 130.5
175.0 131.5
183.0 131.5
181.75 131.0
181.25 128.25
125.25 91.0
140.75 80.75
150.25 81.5
153.0 90.0
146.5 95.5
136.25 95.5
171.25 92.0
175.75 84.25
181.25 85.0
176.5 91.5
179.0 96.5
175.75 95.5
156.25 164.5
166.75 157.75
177.0 153.25
181.75 154.25
184.0 151.5
183.5 152.5
179.0 157.25
169.25 159.75
176.0 157.5
179.5 156.5
179.0 157.0
169.5 160.25
176.25 158.25
179.5 157.25
179.75 157.5
166.75 163.75
175.0 163.0
179.25 162.0
181.25 161.0
180.25 159.5
