68.0 46.0 164.5 164.5
135.75 79.0
150.5 75.25
165.0 79.5
172.75 82.5
185.25 78.75
187.0 79.25
188.75 76.5
186.25 79.5
178.5 83.5
180.75 90.75
184.5 100.0
191.75 112.75
198.0 127.5
162.25 136.25
174.5 137.25
182.25 137.0
180.75 136.0
180.75 131.75
128.0 96.5
147.75 99.75
150.0 96.5
155.25 94.75
151.0 99.25
141.25 100.75
172.75 95.5
177.5 95.75
180.75 96.25
177.5 93.75
181.25 98.0
177.75 97.0
149.25 172.0
159.25 164.5
173.75 157.0
182.0 156.5
183.0 153.75
178.25 156.5
169.5 163.0
164.25 163.0
173.0 160.25
177.75 158.0
173.25 159.75
157.75 180.0
168.75 182.25
172.25 180.25
170.75 173.5
154.25 179.0
165.25 185.5
172.25 185.0
173.25 181.0
170.75 170.75
