57.5 29.5 179.0 179.0
115.0 67.75
130.0 62.75
147.5 66.5
157.75 69.75
175.25 67.5
179.0 68.75
184.0 68.0
185.5 73.5
180.5 80.25
169.5 78.5
174.25 87.25
182.75 98.75
190.25 112.75
153.5 125.75
168.25 126.5
177.25 126.25
177.75 126.5
180.5 124.25
111.75 87.25
131.75 88.25
136.75 87.0
143.5 85.5
137.0 88.5
125.0 89.75
168.0 88.0
174.75 88.5
179.75 89.75
178.5 89.25
180.5 91.5
174.5 89.75
145.0 165.25
154.5 156.25
169.25 147.25
179.5 147.0
182.25 145.0
180.5 150.25
175.0 160.0
160.25 155.0
170.0 151.5
177.75 150.5
176.0 154.75
156.0 174.0
169.5 176.75
175.0 175.5
175.5 170.0
151.5 172.75
165.25 179.75
174.25 180.0
177.5 177.25
176.0 167.75
