75.0 45.0 148.5 148.5
138.75 69.75
150.75 63.75
163.5 66.5
169.75 69.0
177.25 65.5
177.75 66.25
176.75 65.0
173.0 70.0
165.5 76.25
177.25 76.25
183.0 84.0
193.0 94.25
202.5 106.25
172.25 122.25
182.5 121.25
189.0 120.0
186.25 120.0
183.5 117.5
133.5 89.25
152.5 88.5
151.75 86.75
155.5 84.75
154.25 88.5
147.0 90.75
167.5 85.0
171.0 85.0
173.0 85.5
168.25 85.0
174.0 87.0
171.75 86.0
167.5 160.75
175.5 150.75
187.0 140.25
193.25 138.5
192.5 136.5
187.25 141.5
179.0 151.25
179.25 148.5
186.25 144.25
188.5 142.0
183.0 146.25
176.75 167.0
186.5 167.25
188.25 165.25
183.75 160.25
173.5 166.5
185.0 170.75
190.25 169.25
188.75 166.25
182.5 158.0
