72.5 42.5 164.5 164.5
147.75 78.0
160.75 74.25
172.5 78.25
178.0 81.25
186.0 77.75
186.25 78.0
185.5 75.5
180.75 78.75
172.0 82.75
183.75 89.25
187.75 98.0
195.5 110.0
202.0 124.0
169.5 134.0
179.75 134.5
186.25 134.0
183.5 133.0
181.25 129.25
138.75 95.75
157.25 98.5
157.0 95.5
161.0 93.75
159.0 98.0
151.5 99.5
172.25 94.25
175.75 94.5
177.5 94.75
172.75 92.75
178.25 96.5
176.25 95.5
157.25 170.0
167.0 161.75
180.25 153.75
186.5 152.75
186.0 150.0
179.75 153.0
169.75 160.0
170.75 160.25
178.5 157.0
181.0 154.5
174.75 156.75
165.0 177.0
174.25 178.5
176.25 176.5
172.75 170.25
162.0 176.25
171.75 182.0
177.25 181.0
176.5 177.25
172.0 167.75
