61.0 38.0 170.0 170.0
138.25 71.0
152.5 68.0
166.5 73.5
173.5 77.5
185.0 76.5
186.25 77.75
187.5 76.75
184.75 81.25
176.75 86.5
181.0 87.0
185.0 95.75
192.75 108.0
199.25 122.25
164.25 131.25
176.0 133.0
183.75 133.25
181.75 133.0
181.25 130.25
130.25 89.5
149.75 92.75
151.5 91.5
156.5 90.5
152.75 93.5
143.5 93.75
172.5 94.25
177.0 95.25
180.0 96.5
176.25 95.25
180.5 98.25
177.25 96.5
151.25 168.5
161.5 160.5
176.0 152.75
183.75 152.75
184.5 151.0
179.5 155.0
170.25 163.25
166.25 159.25
175.0 156.75
179.25 155.75
174.25 159.0
160.0 177.0
170.75 180.0
174.25 178.75
172.25 173.25
156.5 175.75
167.75 183.0
174.5 183.25
175.0 180.25
171.75 170.75
