72.5 42.0 152.5 152.5
145.75 79.5
160.25 77.75
172.75 83.75
179.0 87.75
189.5 85.75
190.5 86.5
191.25 84.0
187.5 87.0
178.5 90.25
184.75 96.75
187.75 106.25
193.5 119.25
198.25 134.5
163.75 139.25
174.25 141.5
181.25 142.25
179.5 141.0
178.25 137.25
135.25 96.25
152.25 88.75
160.25 90.0
160.25 98.0
154.25 103.25
145.25 102.5
174.5 100.5
179.5 93.5
183.75 94.25
177.0 99.0
179.75 105.25
177.75 104.25
152.0 171.0
162.75 166.0
172.75 162.5
176.5 163.75
178.25 161.0
176.75 161.0
170.25 164.0
164.25 167.5
170.5 166.0
173.25 165.0
171.5 164.75
164.5 168.25
170.5 166.75
173.25 165.75
172.5 165.25
161.75 171.5
169.0 171.25
172.5 170.5
173.75 169.25
172.25 167.0
