68.5 53.0 160.0 160.0
141.5 84.5
156.0 80.75
169.5 85.0
176.25 87.5
187.5 82.75
188.75 82.75
189.75 79.0
186.5 81.0
178.0 84.0
183.25 95.25
186.5 104.5
193.25 117.5
198.5 132.25
164.25 139.75
175.25 140.5
182.5 140.5
180.75 138.75
179.5 134.0
132.5 101.0
149.0 92.25
157.25 91.75
158.25 98.75
152.25 105.5
143.0 106.25
173.5 97.75
178.5 90.0
183.0 89.0
176.75 94.0
179.5 100.75
177.25 100.75
154.75 171.5
165.25 165.75
175.0 161.25
179.0 161.75
180.75 158.5
179.25 157.75
173.5 160.0
167.0 166.75
173.0 164.5
176.0 162.75
174.5 161.5
167.0 167.25
173.25 165.0
176.0 163.5
175.5 162.25
164.5 171.0
172.0 169.75
175.5 168.25
177.0 166.25
175.5 163.75
