64.0 42.0 165.5 165.5
136.75 76.75
151.0 72.5
165.25 76.5
172.5 79.5
184.0 76.0
185.5 76.25
186.75 74.0
184.0 77.5
176.0 82.0
180.5 87.75
184.75 96.75
192.75 108.75
199.5 123.25
165.25 133.25
176.75 134.0
184.0 133.75
182.5 132.75
181.25 129.25
129.5 95.0
145.25 84.75
153.75 84.75
155.75 92.75
150.0 99.0
140.25 99.5
171.75 93.0
176.0 85.25
181.0 85.25
175.5 91.25
178.5 97.0
176.0 96.25
158.5 166.75
168.5 160.0
178.25 155.25
182.5 156.0
184.25 152.75
183.25 153.25
178.0 157.0
170.75 161.5
176.75 159.0
179.75 157.75
178.75 157.5
170.75 162.0
177.0 159.75
180.0 158.5
179.5 158.0
168.5 165.75
176.0 164.5
179.75 163.25
181.25 161.75
179.75 159.75
