69.0 43.0 154.5 154.5
118.0 70.5
133.5 66.25
150.5 70.5
160.75 74.0
178.0 71.5
181.75 72.5
186.5 71.25
187.5 76.5
182.0 82.25
171.75 83.0
176.25 91.75
184.0 104.0
190.75 118.75
154.5 129.5
168.25 130.75
177.0 131.0
177.5 130.75
179.25 128.0
113.75 89.5
129.0 79.0
140.75 79.75
145.5 88.5
136.75 94.0
125.0 94.0
169.5 91.0
174.5 83.0
182.75 83.75
179.25 91.0
180.0 96.0
175.25 94.5
147.25 164.25
158.25 157.75
169.75 153.25
176.25 154.75
179.25 152.0
180.75 153.25
178.5 158.5
162.0 159.75
169.75 158.0
175.0 157.25
176.75 158.0
162.0 160.5
170.0 158.5
175.0 158.0
176.75 158.25
159.0 164.0
168.25 163.25
173.75 162.75
177.25 161.75
178.0 160.5
