61.5 34.5 166.5 166.5
118.0 65.75
132.5 60.5
149.5 64.25
159.25 67.75
175.25 65.75
178.5 67.0
182.5 66.75
183.25 72.75
178.0 79.75
170.5 76.25
175.75 84.5
184.75 95.25
192.75 108.75
158.0 122.75
171.25 123.25
180.0 123.0
180.0 123.25
181.0 121.75
114.75 85.5
129.0 74.0
140.25 74.75
145.0 83.75
137.5 88.75
126.25 89.0
167.75 86.5
172.0 78.75
179.75 79.75
176.5 87.75
178.0 91.5
173.5 90.0
153.75 158.0
164.25 150.5
175.0 145.25
181.25 146.75
184.0 144.25
185.0 146.25
182.75 153.0
167.75 152.75
175.25 150.5
180.0 150.0
181.25 151.75
168.0 153.5
175.75 151.25
180.25 150.75
181.5 151.75
165.25 157.0
174.5 156.0
179.5 155.25
182.75 154.75
182.75 154.25
