80.5 44.5 152.0 152.0
134.5 72.5
148.0 67.25
162.25 70.25
169.5 72.75
179.75 69.0
181.0 69.75
181.5 68.0
179.0 72.25
171.5 78.0
177.75 80.5
183.0 88.75
192.25 100.0
200.75 113.25
168.25 127.0
179.5 126.5
186.5 125.75
184.75 125.25
182.75 122.5
129.0 91.75
143.5 80.25
151.75 79.75
154.25 87.75
149.5 94.25
140.25 95.25
169.25 87.75
172.5 80.0
177.0 79.75
172.0 86.75
176.0 91.5
173.75 90.75
165.25 161.0
174.5 153.25
183.5 147.5
187.75 148.25
189.0 145.0
187.5 146.0
182.5 151.0
176.75 154.75
182.25 152.0
185.0 150.5
183.5 151.0
176.75 155.25
182.75 152.5
185.25 151.25
184.5 151.25
175.0 159.0
182.25 157.25
185.75 156.0
186.75 154.5
185.0 153.25
