65.5 33.0 175.0 175.0
115.5 68.5
130.5 63.5
147.75 67.0
158.25 70.25
175.5 67.75
179.0 68.75
184.0 67.75
185.25 73.25
180.25 79.75
169.75 78.75
174.5 87.5
183.0 99.0
190.75 113.0
154.25 126.25
168.75 127.0
177.75 126.5
178.0 126.5
180.75 124.0
112.25 88.0
132.25 88.75
137.0 87.5
143.75 85.75
137.25 89.25
125.5 90.5
168.25 88.0
174.5 88.5
179.5 89.5
178.25 89.0
180.25 91.25
174.5 89.5
146.0 165.75
155.25 156.75
170.0 147.5
180.0 147.0
182.5 145.0
181.0 150.25
175.25 159.75
161.0 155.25
170.5 151.75
178.25 150.5
176.5 154.75
156.75 174.25
170.25 176.75
175.75 175.25
176.0 169.75
152.5 173.0
166.0 180.0
175.0 180.0
178.0 177.0
176.25 167.5
