71.0 34.0 166.5 166.5
141.0 61.75
153.25 58.0
165.5 63.25
171.5 67.5
178.75 67.75
179.5 69.5
178.25 70.25
174.75 76.75
167.0 83.5
178.5 76.5
183.75 84.25
193.5 94.25
202.5 106.25
171.75 119.25
182.25 120.25
188.75 120.0
186.0 121.0
183.25 120.25
135.0 81.5
153.75 82.75
153.0 83.0
156.75 82.25
155.5 84.0
148.0 84.0
168.5 87.5
172.25 88.75
174.0 90.5
169.25 91.0
175.0 91.75
172.75 89.5
165.5 158.5
174.0 148.75
186.25 139.0
192.5 139.0
191.75 138.0
186.25 144.25
177.5 155.25
177.75 147.25
185.25 143.75
187.5 143.5
181.75 149.0
174.75 166.25
184.75 168.25
186.75 167.5
182.25 163.75
171.5 165.25
183.0 171.25
188.5 171.0
187.0 169.25
181.0 161.75
