82.5 50.0 154.5 154.5
123.25 77.25
139.25 74.5
156.0 79.75
165.5 83.75
183.25 81.25
186.5 82.0
191.5 79.75
191.75 83.5
185.5 87.5
175.5 93.0
178.75 102.75
184.75 116.25
189.5 132.25
152.5 138.0
165.75 140.25
174.5 141.25
174.75 140.0
177.0 136.25
116.75 94.75
133.25 86.25
144.75 87.25
148.5 95.5
139.25 101.25
127.5 100.5
172.0 98.0
178.0 90.5
186.0 91.0
181.5 96.75
181.75 103.0
177.25 101.75
141.5 170.75
153.0 165.5
164.75 162.25
170.75 163.75
174.0 161.0
175.25 161.25
172.25 164.75
156.25 167.5
164.0 166.25
169.0 165.25
170.75 165.25
156.25 168.25
164.25 167.0
169.0 166.0
170.75 165.75
152.75 171.5
162.0 171.5
167.25 171.0
171.0 169.75
171.75 167.75
