73.0 37.0 164.5 164.5
124.75 70.0
139.25 65.0
155.25 68.25
164.0 71.25
177.75 68.0
180.25 69.0
182.75 67.75
182.25 72.75
175.75 79.0
174.25 79.25
179.25 87.75
188.5 99.0
196.75 112.75
162.25 126.25
175.0 126.25
183.0 125.75
182.25 125.5
182.0 123.0
120.5 89.5
135.0 78.0
145.25 78.0
149.25 86.5
142.75 92.5
132.0 93.25
168.75 87.75
172.75 79.75
179.0 80.0
175.25 87.25
177.75 92.0
174.0 90.75
158.5 161.0
168.5 153.25
178.75 148.0
184.0 149.0
186.25 146.0
186.25 147.25
182.75 152.75
171.5 155.25
178.25 152.75
182.25 151.5
182.25 152.5
171.75 155.75
178.75 153.25
182.25 152.25
183.0 152.5
169.25 159.5
177.75 158.0
182.25 157.0
184.5 156.0
183.75 154.75
