73.0 38.5 158.5 158.5
122.25 66.0
135.0 59.75
150.25 60.75
160.5 66.5
176.0 68.0
179.5 69.0
182.75 70.75
183.0 79.25
178.5 85.0
171.5 80.0
177.25 88.5
187.75 101.75
196.75 116.75
160.0 127.75
173.25 129.0
181.25 129.25
180.5 129.25
180.25 127.0
120.0 84.5
132.5 74.0
142.25 74.5
147.25 83.5
139.25 87.25
129.5 87.25
168.25 88.25
172.5 82.0
179.5 84.5
176.75 91.25
177.5 94.5
173.25 92.25
156.25 158.5
166.25 151.25
175.75 146.0
181.25 148.0
183.25 145.25
184.25 147.5
183.25 154.25
169.0 155.25
175.5 153.5
179.75 152.75
181.25 154.0
169.0 156.0
176.0 154.5
180.0 154.0
181.25 154.25
166.5 160.25
175.25 160.75
180.25 161.0
183.25 159.25
183.0 157.5
