73.0 45.5 150.5 150.5
153.5 80.5
165.25 76.25
176.0 78.75
181.0 84.25
188.0 84.75
188.5 84.75
187.25 84.5
182.0 89.75
174.0 92.5
184.5 97.25
188.25 107.0
196.0 122.0
201.5 138.0
168.5 142.25
178.0 144.25
183.75 145.0
181.0 143.25
177.75 139.25
145.0 96.75
158.75 89.0
164.0 89.25
164.0 96.75
159.5 101.5
152.75 101.25
173.5 100.0
177.25 94.0
180.0 95.5
174.25 100.0
176.5 105.0
175.75 103.5
160.75 170.5
169.75 164.5
177.5 160.25
180.0 161.5
181.0 158.5
179.0 159.25
173.75 162.75
169.75 167.5
174.5 165.75
176.25 164.5
174.5 164.0
170.0 168.25
174.75 166.75
176.5 165.75
175.25 164.75
167.75 172.25
174.0 173.0
176.75 172.75
177.25 170.25
175.25 167.0
