74.5 45.0 150.5 150.5
135.0 78.0
147.25 70.75
160.75 70.5
168.75 74.5
180.0 72.5
181.75 72.0
182.75 71.5
180.5 77.5
174.25 81.75
177.25 86.5
183.0 95.5
193.5 109.5
202.25 124.75
168.0 135.5
179.25 135.25
186.25 135.0
184.0 133.5
181.75 129.5
131.5 95.5
144.0 85.0
151.5 83.5
154.5 90.75
149.0 96.75
140.5 98.0
170.0 90.75
173.25 83.5
178.25 84.25
174.25 89.5
176.5 94.5
173.75 93.5
164.75 165.0
173.5 157.5
181.75 151.5
185.75 152.25
186.75 149.0
186.25 149.5
183.25 153.75
175.25 160.25
180.5 157.75
183.25 155.75
182.75 155.0
175.25 161.0
181.0 158.75
183.5 157.0
183.25 155.75
173.5 165.5
180.75 165.0
184.5 164.25
185.75 161.25
184.25 158.25
