58.5 38.0 171.0 171.0
131.75 65.25
144.5 60.0
159.0 61.5
167.25 69.0
178.75 69.5
181.5 67.75
183.25 68.0
181.5 74.5
175.0 81.0
172.25 86.5
176.5 94.75
185.0 106.75
193.25 121.25
159.75 131.5
172.25 132.75
180.0 132.75
180.0 131.5
180.0 128.0
127.5 87.5
145.5 89.75
147.75 89.0
154.0 89.25
148.75 90.5
139.75 90.75
169.75 92.0
174.5 91.5
177.75 91.75
174.75 90.5
178.25 93.25
174.75 92.75
159.5 162.25
166.0 155.75
175.75 149.5
181.75 149.75
183.25 147.25
181.75 150.25
178.5 156.75
169.25 156.5
175.25 154.75
179.75 153.0
178.5 154.75
167.0 165.25
174.0 166.0
177.75 164.5
177.5 161.75
164.5 167.0
173.25 170.25
178.75 170.75
180.5 167.25
178.5 162.25
