61.0 34.5 163.5 163.5
111.5 70.75
123.5 62.25
139.5 60.5
151.0 64.25
168.25 62.0
172.25 62.0
176.75 62.75
179.0 70.25
175.5 76.25
164.5 75.5
171.25 83.75
183.25 96.0
194.0 110.25
158.75 126.0
172.25 125.0
180.5 124.25
180.25 123.75
180.75 121.0
112.5 89.0
123.25 77.0
133.5 75.25
140.5 82.75
132.5 88.5
122.25 90.5
163.75 83.0
167.5 75.75
175.5 76.75
174.25 83.5
174.75 87.25
169.75 86.0
158.75 157.25
167.75 148.75
177.0 142.0
183.0 143.0
185.0 139.75
186.75 141.25
187.5 147.25
171.25 152.0
178.0 149.0
182.5 147.5
184.75 147.75
171.5 152.75
178.5 150.0
183.0 148.75
184.75 148.25
169.25 157.5
178.5 156.5
183.75 156.0
186.75 153.25
187.0 151.0
