55.0 32.0 170.0 170.0
112.75 59.75
125.75 53.5
142.25 53.5
153.25 60.5
169.0 61.25
173.5 59.5
178.0 60.75
179.75 68.75
176.25 77.0
162.75 78.25
167.25 85.75
176.0 96.25
185.0 110.0
150.75 124.0
165.5 124.5
174.25 124.25
176.25 123.75
178.75 121.25
112.75 82.25
130.75 82.75
135.75 82.75
143.0 82.75
135.5 83.75
124.75 84.0
165.0 86.0
171.25 85.5
176.0 86.0
175.0 85.75
176.75 87.25
171.25 86.5
154.0 156.0
160.5 148.75
170.25 141.75
178.0 141.75
181.0 139.75
181.5 143.75
180.75 151.75
164.75 149.75
171.5 147.5
178.0 146.25
178.75 149.0
163.5 159.25
171.75 159.75
177.0 158.5
178.25 156.5
160.5 161.0
170.5 164.0
177.75 164.5
181.0 161.5
180.0 157.25
