76.5 44.0 149.0 149.0
126.25 67.0
136.75 59.0
150.0 57.5
158.75 61.5
169.75 60.5
171.75 60.75
172.75 62.0
172.25 70.0
167.0 76.5
169.75 72.75
177.25 80.0
190.5 90.75
202.5 103.25
170.75 120.5
182.0 119.0
189.0 117.75
186.75 118.0
184.0 116.0
126.25 85.75
136.25 73.5
143.75 72.25
148.5 80.0
143.75 85.25
135.75 87.0
164.25 81.25
166.0 74.5
171.25 75.75
168.75 82.5
171.5 85.5
168.75 84.0
174.0 150.5
181.25 141.75
188.25 134.75
192.5 135.5
193.0 132.75
192.75 134.75
191.0 141.0
183.5 144.75
188.5 141.75
191.0 140.5
190.5 141.25
184.0 145.5
189.0 142.75
191.5 141.5
191.25 141.5
182.75 150.0
190.5 148.75
194.0 148.0
195.0 145.75
193.0 144.0
