60.0 33.0 171.5 171.5
132.75 58.25
144.75 53.5
158.25 55.25
166.0 63.25
176.25 65.5
178.5 64.5
179.5 66.25
177.5 74.0
171.25 81.5
171.75 81.0
176.5 88.5
186.0 99.25
195.25 112.5
163.25 124.25
175.25 125.5
182.5 125.75
182.0 125.5
181.25 123.25
129.5 81.0
147.0 82.75
148.5 83.5
154.25 83.75
149.75 84.25
141.5 83.5
168.5 88.75
172.75 89.0
175.5 89.75
172.25 89.5
176.25 91.25
173.25 89.75
165.0 155.5
171.0 148.5
180.0 142.0
185.75 142.5
186.75 140.75
185.0 144.75
181.75 152.5
174.0 149.75
179.75 147.75
183.5 147.0
182.0 149.5
172.25 159.0
179.0 159.5
182.25 158.5
181.5 156.75
170.0 160.5
179.0 163.5
184.0 164.25
185.25 161.5
182.25 157.75
