59.5 50.5 170.0 170.0
145.5 78.75
158.75 74.75
171.75 76.5
177.5 83.25
186.75 82.0
189.25 79.5
189.5 77.75
185.5 81.75
177.25 85.25
178.25 99.25
181.25 108.25
187.5 121.75
193.25 137.5
160.0 143.5
171.25 144.75
178.0 145.0
177.25 142.25
177.0 137.0
137.0 98.75
154.0 103.0
155.25 100.5
160.75 100.25
156.25 103.0
148.5 103.5
173.25 101.0
177.25 100.0
179.5 99.5
176.25 96.0
180.0 101.25
177.25 101.5
155.0 171.25
162.0 165.75
171.75 161.0
176.75 160.75
178.25 157.75
175.5 159.0
170.75 163.0
164.5 166.5
170.25 165.0
173.75 162.5
171.5 162.5
160.75 173.75
166.75 174.5
170.0 172.5
169.5 168.75
158.5 175.75
166.0 179.0
170.25 179.0
172.0 175.0
170.0 169.0
