72.5 43.0 149.5 149.5
142.25 60.75
152.0 57.0
163.25 59.25
169.25 66.0
176.0 68.5
176.75 69.25
176.0 72.0
173.5 79.75
167.75 85.5
176.0 78.5
182.5 85.75
193.5 96.25
201.25 108.0
169.5 121.5
180.0 122.5
186.0 122.25
183.75 122.25
181.0 120.0
140.5 82.75
157.25 84.25
156.25 84.5
160.25 84.75
158.5 85.25
152.5 85.0
170.5 90.5
173.5 91.25
175.5 92.75
171.0 93.5
176.25 93.75
174.25 91.75
160.25 155.25
169.75 146.5
182.5 137.25
189.25 136.75
188.25 135.25
182.75 141.0
174.0 150.5
173.75 147.75
182.25 144.5
185.0 143.75
178.5 147.0
170.5 166.75
181.5 169.25
183.75 167.75
179.0 162.25
166.75 166.75
180.0 174.25
186.5 175.25
185.25 171.0
178.0 161.25
