75.0 42.5 148.5 148.5
133.5 75.5
145.75 70.5
160.0 70.75
168.0 76.0
179.25 74.75
181.5 73.75
183.0 73.75
182.0 79.25
176.75 83.0
176.0 87.75
181.25 96.75
190.25 110.25
196.5 123.75
160.5 135.25
172.75 135.25
180.25 134.75
179.5 132.5
179.5 127.5
130.75 97.25
149.0 99.0
150.75 96.25
156.5 95.25
152.0 98.25
143.5 100.0
172.25 95.75
177.0 95.25
180.0 95.75
177.25 94.0
180.75 97.0
177.25 96.25
148.0 166.25
158.25 159.0
173.0 150.75
181.5 149.5
182.5 146.25
178.5 148.5
170.5 154.5
163.0 159.75
172.75 157.0
178.25 153.75
173.75 153.75
157.75 177.25
170.0 179.25
174.0 176.5
172.5 168.25
153.5 177.25
166.75 185.0
175.0 185.0
176.25 178.75
172.5 166.25
