73.0 44.5 150.0 150.0
141.25 72.0
152.5 67.5
165.25 68.75
171.75 74.5
180.5 74.5
182.0 74.0
182.0 74.5
179.5 80.5
173.75 84.75
178.25 86.5
184.0 95.25
193.25 108.0
199.5 121.25
165.5 132.25
176.25 133.0
182.75 132.75
181.25 130.75
179.5 126.75
137.75 93.75
150.5 85.5
157.75 85.25
160.25 93.25
155.5 97.25
147.75 97.5
172.75 95.25
175.75 88.5
179.25 89.75
174.75 94.0
178.0 98.25
176.25 97.5
157.5 160.5
168.0 154.5
178.0 149.5
182.0 150.25
183.25 146.75
181.75 147.0
176.25 150.25
169.75 158.5
176.5 156.5
179.5 154.5
177.5 152.75
170.0 159.5
177.0 157.75
179.75 155.75
178.75 154.0
167.5 164.0
176.5 164.5
180.75 164.25
182.0 160.5
179.0 156.5
