68.0 34.0 167.0 167.0
136.75 61.5
147.25 57.5
159.75 59.25
167.0 65.75
175.75 67.75
177.25 68.5
177.5 71.0
175.75 78.75
170.75 84.5
174.75 78.25
181.25 85.75
192.0 96.5
199.75 108.5
167.0 122.25
178.0 123.0
184.5 123.0
182.75 122.5
180.75 120.25
135.25 83.75
147.25 75.25
154.25 76.0
157.75 85.0
153.25 87.25
145.5 87.0
170.5 90.0
172.75 83.75
176.5 86.5
172.5 92.0
176.25 94.5
174.25 92.75
162.0 151.25
172.0 144.5
181.5 139.75
186.0 141.0
186.75 138.25
185.25 140.25
180.25 145.75
174.25 149.5
181.0 147.75
183.75 146.75
181.75 147.0
174.5 150.5
181.5 148.75
184.25 148.0
183.0 147.5
172.5 155.0
181.75 155.25
186.0 155.75
187.0 153.25
183.75 150.75
