69.5 30.0 160.5 160.5
112.0 59.5
123.75 53.75
139.5 53.25
150.25 58.5
165.25 59.25
169.0 59.75
173.25 62.25
176.0 70.75
174.0 77.75
162.5 70.0
169.0 76.25
179.75 85.5
188.5 97.0
155.0 116.0
168.5 115.5
176.75 114.5
177.5 114.25
178.5 112.5
114.5 81.75
126.25 71.25
136.25 71.0
143.5 79.5
135.5 82.5
125.5 83.25
164.5 82.75
168.0 76.25
175.25 78.25
174.0 85.0
175.5 86.75
170.75 85.25
152.0 146.5
162.5 138.5
173.75 132.25
180.75 133.25
183.0 130.25
184.75 132.75
184.0 139.5
167.0 143.25
175.5 141.0
181.0 139.75
182.5 140.5
167.25 144.25
176.25 142.0
181.5 141.0
183.0 141.0
164.5 149.0
176.0 148.75
182.75 149.0
186.25 146.25
185.25 144.25
