53.0 31.5 178.5 178.5
136.5 65.25
148.25 61.75
161.75 64.25
169.25 71.0
179.5 72.75
181.5 73.25
182.5 75.25
181.0 82.5
175.75 87.5
176.5 84.0
182.0 92.25
191.25 104.5
197.75 117.75
162.0 128.5
174.0 130.0
181.25 130.25
180.25 129.5
179.75 126.25
133.25 87.5
151.25 90.0
152.25 89.5
157.75 89.75
153.75 90.75
145.75 90.75
172.5 94.75
176.75 95.25
179.5 96.75
176.5 96.5
180.25 98.0
177.0 96.25
149.0 161.25
159.5 153.75
174.5 145.5
182.75 145.5
183.5 143.25
179.0 147.75
170.5 155.75
164.25 155.0
174.0 152.75
179.0 151.25
174.25 153.5
158.75 173.75
171.0 177.25
175.0 175.5
172.75 168.75
154.5 173.5
168.0 182.25
176.0 183.5
177.0 178.75
172.75 167.25
