53.5 48.0 164.5 164.5
125.25 80.75
136.75 74.0
151.25 71.5
161.25 79.0
175.75 77.0
181.75 72.5
185.5 72.5
187.5 79.25
184.5 84.5
165.0 98.75
169.25 109.25
177.0 122.5
181.25 135.75
150.0 144.75
163.25 144.75
170.75 143.75
173.5 143.0
177.75 138.75
121.75 101.0
135.0 93.75
145.0 93.0
150.25 101.25
141.5 105.0
131.5 105.0
172.75 100.5
178.0 92.25
185.0 92.25
183.5 95.5
184.0 101.5
179.0 101.75
142.0 174.75
152.75 169.0
164.75 164.0
171.5 165.0
175.25 161.25
176.75 162.5
174.0 165.25
155.0 173.0
163.5 171.0
169.25 169.5
171.5 168.0
155.0 174.0
163.75 172.25
169.0 171.0
171.25 169.25
150.75 179.0
161.0 180.0
166.25 180.5
170.75 176.75
172.0 172.25
