76.0 45.5 153.5 153.5
135.25 66.75
143.75 60.0
154.75 57.0
163.0 64.75
171.75 64.5
174.25 61.25
175.0 63.5
175.75 71.25
171.75 78.75
167.5 84.75
174.25 93.25
185.25 103.0
193.25 113.25
166.75 127.5
177.75 126.5
183.5 125.0
183.75 125.75
184.5 123.25
135.0 87.0
151.75 87.75
152.25 87.25
157.25 87.0
154.0 88.0
146.75 88.75
171.75 88.5
176.25 87.75
179.25 88.5
176.0 87.5
180.0 89.5
176.75 88.5
161.0 164.0
169.25 154.0
182.75 142.75
191.25 141.75
191.5 139.5
187.5 146.0
179.5 156.25
173.25 155.25
182.25 151.0
186.75 149.25
182.25 153.0
169.25 174.5
181.25 175.75
184.75 174.0
182.0 168.25
165.25 175.25
178.75 182.25
185.75 183.25
186.25 178.0
181.25 167.25
