75.5 47.0 148.5 148.5
130.25 61.5
138.0 54.5
148.75 51.5
157.75 59.25
166.5 59.75
168.75 57.0
169.5 60.0
171.25 68.25
168.25 76.75
164.25 79.25
171.75 86.25
183.75 94.25
192.75 103.5
168.25 119.0
179.0 118.0
184.25 116.75
185.0 117.75
184.75 116.75
132.0 81.25
141.75 72.25
149.0 72.25
154.25 81.0
149.75 83.0
142.0 83.0
168.75 83.5
170.0 76.5
174.25 78.0
172.5 83.5
176.25 86.0
173.5 84.75
170.25 151.25
178.5 142.25
187.25 134.75
192.5 135.75
193.5 132.75
193.25 137.0
189.25 144.75
180.75 147.5
187.0 144.25
190.25 143.25
189.5 145.25
181.0 148.5
187.75 145.5
190.75 144.75
190.5 145.5
179.25 154.0
188.25 153.25
192.25 154.0
193.5 151.0
191.25 149.5
