75.5 47.0 152.5 152.5
133.0 68.75
141.75 61.25
153.25 58.0
161.75 65.25
171.0 64.25
174.0 60.75
175.0 62.5
176.0 70.0
172.25 77.25
166.75 85.0
173.5 93.5
184.75 103.5
192.5 114.0
165.5 128.75
177.0 127.5
183.0 125.75
183.5 126.0
184.5 123.25
133.0 89.0
150.0 89.5
151.0 88.25
156.0 88.0
152.5 89.5
145.0 90.5
171.5 88.25
176.25 87.0
179.25 87.5
176.25 86.5
180.25 88.75
176.75 88.0
160.0 165.0
168.5 155.25
182.0 143.75
190.5 142.5
191.0 140.0
187.25 146.0
179.75 156.0
172.5 156.25
181.75 151.75
186.5 149.5
182.25 153.0
168.75 175.25
180.75 176.25
184.5 174.25
182.0 168.0
164.5 176.25
178.25 183.0
185.25 183.75
186.0 178.0
181.5 167.25
