56.0 31.5 172.0 172.0
128.0 63.75
138.0 57.5
150.75 55.75
160.25 64.25
172.0 65.5
176.25 63.0
178.75 65.75
180.75 74.5
177.75 82.5
165.5 85.25
171.25 93.75
181.25 103.75
188.0 114.75
158.75 126.75
171.25 127.25
178.0 126.75
179.75 127.75
182.25 126.5
126.5 83.75
138.5 76.0
147.25 76.5
152.75 86.25
145.75 87.5
136.5 86.75
171.75 90.0
175.0 83.0
180.75 85.0
179.25 90.25
181.25 93.25
177.5 92.0
154.75 159.5
165.0 151.75
176.0 145.5
182.5 147.5
185.0 144.75
185.75 148.5
182.5 155.75
167.25 157.5
175.25 155.25
180.0 154.75
181.0 156.25
167.5 158.5
175.75 156.5
180.25 156.25
181.25 156.75
164.0 163.75
174.25 164.5
179.25 166.0
182.5 163.0
182.25 161.0
