73.0 42.5 154.5 154.5
122.75 67.25
133.25 60.75
147.0 58.25
157.5 66.5
171.25 66.75
176.25 63.5
180.0 65.75
182.75 74.0
180.5 81.5
163.25 87.5
168.5 96.5
177.75 107.5
184.0 119.0
152.5 131.0
166.75 131.25
174.25 130.25
176.75 131.0
181.25 128.75
121.0 87.5
138.5 89.25
142.25 88.75
149.25 89.0
142.75 89.75
132.75 90.0
171.25 91.5
177.75 91.0
182.5 92.0
181.25 91.0
183.25 93.25
177.75 91.75
144.25 167.75
153.25 158.5
168.75 148.5
179.5 148.5
182.25 146.25
180.5 152.75
174.0 162.5
158.25 160.25
169.0 157.0
176.75 155.75
175.0 159.25
152.75 179.5
166.75 182.75
172.5 181.5
173.5 175.25
148.0 179.75
162.25 189.0
171.5 191.0
175.0 185.75
174.0 174.25
