75.5 44.5 151.0 151.0
119.5 73.75
129.5 65.5
143.0 61.0
154.0 67.5
167.5 64.75
172.25 60.25
175.75 61.0
179.0 68.25
177.25 75.0
161.5 87.25
167.5 96.25
178.0 107.0
185.0 118.5
155.0 133.75
169.0 131.75
176.25 129.75
178.5 129.5
182.5 125.5
119.75 94.25
137.5 94.25
141.0 92.25
147.75 91.25
141.5 93.75
131.75 95.75
169.5 89.25
176.0 87.25
180.5 87.25
179.25 85.5
181.5 88.5
176.0 88.25
150.25 169.5
158.25 160.25
172.5 149.0
183.0 147.75
185.5 144.25
184.0 149.5
178.0 158.25
163.25 161.0
173.25 156.75
180.75 153.75
179.0 156.0
159.5 179.75
173.25 181.0
178.75 178.5
178.75 171.25
155.0 180.5
169.5 187.75
178.5 188.25
181.25 182.0
179.0 170.0
