55.5 23.5 173.5 173.5
124.0 59.75
132.5 53.0
144.25 50.25
154.25 57.75
165.0 58.75
168.0 56.25
170.25 59.5
173.0 68.25
170.75 77.0
162.0 78.0
169.0 85.0
180.75 92.5
189.5 101.75
163.25 117.25
175.25 116.5
181.5 115.5
183.0 116.75
184.25 116.25
125.5 79.25
136.0 70.5
144.0 70.5
150.25 79.75
144.5 81.0
135.75 81.0
168.0 82.75
169.75 75.75
175.25 77.75
174.25 83.5
177.0 85.5
173.5 84.25
164.75 150.0
173.5 141.0
183.25 133.5
189.25 135.0
191.0 132.0
192.0 136.5
189.25 145.0
176.5 146.5
183.75 143.5
187.75 142.75
188.5 145.0
176.75 147.5
184.25 144.75
188.25 144.25
189.0 145.5
174.5 153.0
184.5 152.5
189.25 153.75
191.5 151.0
190.25 149.75
