72.5 44.0 149.0 149.0
133.5 67.25
141.25 59.5
152.0 55.75
160.5 63.0
168.75 61.75
171.0 58.25
171.5 60.25
172.5 67.75
168.75 75.25
166.0 82.5
173.25 90.5
185.25 99.25
193.75 109.25
168.75 125.25
179.25 123.5
184.75 121.5
185.0 122.0
185.0 119.5
134.5 87.5
151.5 87.0
151.5 86.0
156.25 85.5
153.5 87.0
146.5 88.25
170.25 85.75
174.5 84.25
177.25 84.75
173.75 84.0
178.25 85.75
175.0 85.25
165.25 162.0
173.0 151.5
185.5 139.25
193.5 137.5
193.5 135.25
189.5 141.75
182.0 152.25
176.75 152.25
185.25 147.25
189.25 145.0
185.0 149.0
174.0 171.5
186.0 172.0
189.0 169.75
185.5 164.0
170.25 172.75
183.75 178.5
190.75 179.0
190.5 173.5
184.75 163.25
