113.0 61.5 98.5 98.5
122.5 71.25
132.0 63.25
145.0 59.0
155.75 66.0
168.25 63.75
172.25 59.5
175.25 60.75
178.25 68.25
176.0 75.5
162.75 85.75
169.0 94.5
179.75 104.75
187.25 115.75
157.75 131.25
171.25 129.5
178.25 127.5
180.0 127.5
183.25 124.0
122.75 91.75
140.5 91.75
143.25 90.0
149.75 89.25
144.0 91.25
135.0 93.0
170.0 88.25
176.0 86.5
180.25 86.75
178.25 85.25
181.0 88.0
176.25 87.5
153.0 167.5
161.25 157.75
175.25 146.5
185.5 145.0
187.25 142.0
185.5 147.75
179.0 157.25
166.0 158.75
175.75 154.25
182.75 151.75
180.5 154.5
162.25 177.75
175.75 179.0
180.75 176.75
180.25 170.0
157.75 178.75
172.25 185.75
181.0 186.5
183.25 180.25
180.25 168.75
