127.0 78.5 86.5 86.5
143.5 78.0
152.75 71.25
164.0 68.25
170.75 75.75
179.0 73.75
182.0 69.5
182.0 70.0
181.25 76.5
175.75 82.0
172.0 94.75
177.25 104.25
186.75 116.25
193.0 128.0
165.5 139.75
176.0 138.75
181.5 137.0
181.5 136.5
182.0 132.25
140.25 98.25
157.0 100.75
157.0 98.25
161.75 97.5
158.75 100.0
151.75 101.25
175.0 96.5
179.5 95.25
182.0 95.5
178.75 93.0
182.75 96.75
179.75 96.25
154.5 173.0
164.0 164.75
178.5 155.5
186.5 154.5
186.75 151.25
181.5 155.25
172.25 162.25
167.5 165.75
176.5 162.25
180.75 159.5
175.75 160.75
161.0 183.0
171.75 184.5
175.0 182.0
173.0 174.75
157.0 183.5
168.5 190.75
174.75 191.25
175.75 185.25
172.5 173.25
