90.0 60.0 129.5 129.5
138.25 79.0
147.75 71.25
159.5 67.5
167.5 74.25
176.5 71.5
179.75 67.0
180.5 67.0
180.5 73.5
175.75 79.0
170.0 93.25
175.75 102.75
185.75 114.5
192.25 126.25
165.0 139.0
175.75 137.5
181.25 135.75
181.75 134.75
182.25 130.5
136.25 99.25
147.75 90.75
155.25 89.25
159.0 97.0
153.75 101.25
146.0 102.25
174.0 94.5
177.0 86.25
181.0 86.0
178.25 89.25
181.25 94.75
178.5 95.25
160.25 169.5
170.0 162.25
179.75 155.5
184.75 155.75
186.5 151.75
185.75 153.0
180.75 156.75
171.0 166.0
178.0 162.75
181.25 160.5
180.5 159.25
171.0 167.0
178.25 164.0
181.25 162.0
181.25 160.5
168.25 172.25
177.0 171.75
180.75 171.75
182.75 167.5
181.25 163.5
