57.5 22.5 176.5 176.5
129.25 57.75
137.0 51.75
147.75 49.5
157.0 57.5
165.75 59.25
168.25 57.25
169.5 61.0
171.5 69.75
168.5 78.75
163.75 77.75
171.0 84.5
183.0 91.75
192.0 100.5
167.25 115.25
178.25 115.0
183.75 114.0
184.5 115.75
184.75 115.75
130.75 77.0
140.5 68.5
147.75 69.25
153.25 78.75
148.5 79.5
140.75 79.0
168.5 83.0
169.75 76.5
174.25 79.0
172.75 84.75
176.25 86.5
173.25 84.75
169.5 147.5
177.75 138.5
186.5 131.25
192.0 133.0
193.25 130.5
193.25 135.5
189.75 144.25
180.25 144.25
186.75 141.5
190.25 141.25
189.75 144.0
180.5 145.25
187.25 142.75
190.5 142.5
190.5 144.0
178.5 150.75
188.0 150.25
192.0 151.75
193.75 149.25
191.5 148.5
