52.0 39.0 174.0 174.0
129.25 81.25
142.75 74.5
158.75 74.75
166.75 81.25
179.75 77.5
184.25 73.25
187.5 71.75
187.0 78.25
182.25 81.75
170.5 97.75
173.5 107.0
181.75 118.5
187.75 129.75
157.75 140.0
168.5 140.0
174.5 138.75
176.0 137.5
179.0 132.5
124.75 99.5
139.0 90.75
148.75 91.0
152.5 100.0
145.5 103.75
135.5 103.5
172.25 98.5
177.25 89.5
183.25 87.75
180.25 92.25
182.0 98.5
178.0 99.5
148.5 172.25
159.5 163.75
170.5 157.0
176.75 157.0
179.25 153.0
180.25 153.5
177.5 157.5
163.25 166.0
171.5 162.5
176.0 160.0
176.5 158.75
163.5 166.75
172.0 163.5
176.5 161.25
177.0 159.5
160.25 171.5
171.25 170.25
177.0 169.0
179.25 165.75
178.0 162.0
