74.0 47.0 154.0 154.0
141.5 63.0
151.5 57.25
163.0 59.25
168.75 67.25
175.25 67.5
177.0 65.25
176.5 67.25
174.5 76.25
168.5 82.5
172.0 85.25
177.0 92.75
187.25 101.0
195.25 109.75
171.5 122.5
179.25 123.25
183.25 122.5
182.75 123.25
182.25 121.0
138.5 82.25
149.75 73.5
156.0 75.75
158.5 86.25
155.75 87.0
148.25 85.5
170.0 90.0
171.75 82.25
174.25 83.25
170.75 89.5
175.25 92.75
173.75 92.0
169.25 155.5
177.5 145.75
185.0 138.75
189.0 139.75
189.0 137.25
187.5 140.5
183.25 148.25
180.0 149.0
185.75 145.75
187.5 144.75
184.75 146.75
180.5 149.75
186.25 146.5
188.25 145.75
186.25 146.75
179.25 154.0
188.0 152.25
191.5 151.75
191.25 150.5
186.75 149.75
