74.0 43.0 150.0 150.0
146.75 74.5
157.5 68.0
169.0 68.75
173.75 75.75
180.25 73.5
182.25 70.0
181.25 69.75
178.25 77.0
171.5 81.25
174.75 92.5
178.75 101.0
188.0 111.0
195.25 120.75
170.0 133.0
177.5 132.75
182.0 131.25
181.0 130.75
181.0 126.5
141.75 93.25
158.75 95.25
157.75 94.5
161.25 94.5
160.0 95.75
153.75 96.0
172.5 94.75
176.0 93.25
177.75 92.75
173.25 91.0
178.75 94.25
176.5 94.5
158.75 169.0
167.75 158.25
180.5 147.5
187.5 145.75
186.5 143.0
181.0 147.25
172.5 156.25
172.75 157.5
181.0 152.75
183.5 150.0
177.0 152.25
167.5 175.0
178.0 175.25
180.0 172.5
175.75 166.0
164.5 175.5
177.0 180.25
183.0 179.25
181.5 174.5
175.25 164.25
