76.5 45.0 150.0 150.0
146.25 86.5
158.5 80.0
171.5 80.5
176.25 86.5
185.0 82.5
188.0 78.25
188.25 75.75
185.0 81.25
178.0 83.75
176.0 102.0
178.75 111.0
186.25 122.5
192.0 133.5
164.0 143.5
172.5 142.75
177.5 141.25
177.25 139.75
178.75 134.25
139.25 103.75
156.75 107.0
156.75 104.25
161.0 104.0
158.5 106.75
151.25 107.5
174.5 101.75
179.0 99.75
181.5 98.75
178.0 95.25
182.25 100.25
179.25 101.25
148.25 176.0
158.75 167.25
173.0 158.0
180.75 156.25
181.0 152.25
175.75 154.25
167.0 160.5
163.75 166.5
173.25 162.5
177.0 158.5
171.0 158.5
156.5 182.25
167.25 182.75
170.5 179.25
168.0 171.25
153.5 182.5
165.25 188.0
172.0 186.75
172.0 181.0
168.0 169.25
