71.5 50.0 162.0 162.0
115.25 79.75
129.25 72.75
147.25 73.0
157.75 79.75
174.75 76.0
180.5 71.75
187.0 70.25
189.0 77.25
186.25 81.25
164.25 97.0
167.0 106.25
174.75 118.0
180.25 129.75
148.0 140.0
161.25 140.25
168.75 139.0
171.25 138.0
177.5 133.0
112.5 98.0
131.75 100.75
136.75 99.0
144.0 99.0
136.75 101.0
125.25 101.5
169.75 98.0
177.5 96.25
183.0 95.5
182.75 92.5
183.5 97.0
177.25 97.75
135.75 175.0
145.5 165.75
161.25 156.25
172.75 155.25
176.25 151.75
176.0 155.0
171.0 162.5
152.5 165.25
163.75 161.75
172.75 158.75
171.75 159.5
147.0 182.25
161.5 184.25
168.0 181.5
169.75 173.75
142.5 182.25
157.5 189.5
168.0 189.25
171.5 183.75
171.25 171.75
