75.0 46.0 148.5 148.5
132.5 72.0
145.5 66.25
160.75 68.5
168.25 76.5
180.25 75.5
184.5 72.5
187.25 73.0
186.25 81.0
181.25 85.75
171.25 94.5
174.5 103.25
182.75 114.25
188.75 125.0
158.25 134.75
169.25 136.0
175.5 135.25
176.5 135.25
179.75 131.5
127.25 90.5
146.0 94.0
148.25 94.0
154.0 94.75
149.25 95.25
140.0 94.25
173.0 97.75
178.75 96.75
182.5 96.75
180.25 95.25
183.25 98.5
178.75 98.0
144.25 171.0
154.75 161.0
170.25 151.5
179.75 151.0
181.25 148.5
178.0 153.25
170.75 162.25
160.75 161.0
171.5 157.25
177.5 155.5
173.5 158.0
154.5 178.75
167.5 181.0
172.25 179.0
171.25 172.5
150.5 178.5
164.75 185.75
173.5 186.25
174.75 181.75
171.75 170.75
