53.0 28.5 170.0 170.0
122.0 63.5
133.5 56.25
149.0 56.5
158.0 63.75
170.25 62.75
173.5 59.75
176.75 61.5
178.0 70.75
174.5 77.5
165.5 81.75
170.25 89.0
180.75 97.25
189.0 106.0
161.75 120.75
172.5 121.0
178.25 119.75
179.75 120.25
181.75 117.75
121.0 82.75
133.0 72.75
142.75 74.0
148.25 84.25
142.0 85.75
132.0 85.25
167.75 86.5
170.75 78.0
176.5 78.5
174.75 85.0
177.5 88.25
173.5 87.75
159.25 155.25
168.5 144.75
178.25 137.0
184.75 137.75
186.75 135.0
188.0 138.0
186.25 146.0
173.0 147.75
180.75 144.0
185.0 143.0
185.5 144.75
173.25 148.5
181.5 145.0
185.75 144.0
186.0 144.75
171.25 153.5
182.25 151.0
187.75 150.25
189.75 148.5
187.75 147.75
