50.0 37.0 176.5 176.5
118.75 71.0
132.75 65.25
150.25 67.0
160.0 75.25
176.25 74.25
182.0 71.25
188.0 71.75
189.5 80.25
186.5 85.5
165.5 93.75
168.0 103.0
175.5 114.0
181.0 125.25
148.0 134.5
161.25 136.5
168.75 135.75
171.25 135.75
177.25 132.25
114.75 89.75
133.75 93.0
138.5 93.25
145.5 94.0
138.5 94.5
127.25 93.25
170.5 97.25
178.0 96.5
183.25 96.75
183.0 95.25
184.0 98.25
177.75 97.75
134.0 171.0
144.5 161.25
161.0 152.25
172.5 152.25
176.0 149.75
175.0 154.75
169.75 164.0
151.5 161.5
163.0 158.5
172.0 157.0
170.75 159.75
145.25 179.75
160.0 182.75
166.5 181.25
168.25 174.5
140.75 179.0
155.75 187.5
166.25 188.5
170.0 184.25
169.75 173.0
