76.5 46.0 148.5 148.5
137.75 78.0
150.75 72.25
165.25 74.0
171.75 81.25
182.75 79.25
186.5 75.75
188.5 75.0
186.5 82.0
180.75 85.5
173.5 98.5
176.5 107.5
184.25 118.75
190.0 130.0
161.0 139.0
170.5 139.75
176.0 138.75
176.75 138.0
178.75 133.75
131.75 96.25
146.0 88.5
154.75 89.75
156.75 99.25
151.0 102.0
142.0 100.75
173.75 100.0
178.5 91.5
183.25 90.75
179.5 95.25
181.75 101.0
178.5 101.5
150.5 171.0
161.5 163.0
172.25 156.75
177.5 157.25
179.5 153.5
179.5 154.5
175.5 159.0
164.5 165.5
172.25 162.5
176.0 160.5
175.25 159.75
164.75 166.25
172.75 163.5
176.5 161.75
176.25 160.5
161.75 171.0
172.25 170.0
177.25 169.0
179.0 166.25
176.75 163.0
