47.5 29.5 176.5 176.5
108.5 71.0
121.0 62.5
138.5 61.0
150.0 67.0
166.0 63.25
171.0 59.0
177.5 58.75
181.0 67.25
179.25 73.25
159.5 84.25
164.0 92.25
173.5 101.5
181.25 111.25
152.0 127.0
164.75 126.25
171.75 124.5
174.5 124.0
179.0 120.0
108.75 90.25
121.0 79.5
132.75 79.25
140.0 88.5
131.5 91.75
120.0 92.5
165.5 87.0
169.5 77.5
177.75 76.5
177.5 82.5
178.25 87.0
172.5 87.75
148.5 162.0
158.25 151.5
169.5 143.25
177.75 143.25
181.0 139.5
184.5 141.5
185.0 148.25
163.75 154.0
173.0 149.75
179.0 147.75
182.0 148.0
164.25 154.75
173.75 150.75
179.75 148.75
182.0 148.5
161.25 160.0
173.5 157.25
180.5 156.0
184.25 153.25
184.5 151.25
