81.5 49.5 154.5 154.5
118.75 73.75
132.75 67.5
150.0 68.5
160.0 76.0
175.75 74.0
181.5 70.5
187.0 70.5
188.5 78.25
185.25 83.0
165.75 94.25
168.75 103.25
176.5 114.5
182.25 125.75
150.75 135.75
163.0 136.75
170.0 136.0
172.5 135.5
177.25 131.75
115.25 92.5
129.5 84.0
141.0 85.5
146.0 95.25
137.25 97.75
126.0 96.75
170.25 96.75
176.0 87.75
184.0 87.5
182.0 92.75
182.5 98.25
177.0 98.25
141.0 169.0
152.5 160.75
164.75 154.5
172.5 155.25
176.0 151.75
178.5 153.5
177.5 159.0
157.25 163.75
166.5 160.75
172.5 159.25
175.0 159.0
157.25 164.5
167.0 161.75
173.0 160.5
175.0 159.75
153.75 169.0
165.75 168.5
172.75 168.0
176.5 165.5
176.75 162.5
