67.5 47.5 163.0 163.0
143.5 77.5
156.0 72.25
169.0 74.0
174.5 81.5
183.75 79.75
187.0 76.25
187.75 75.75
185.0 82.75
178.5 86.25
175.0 98.5
178.0 107.5
186.0 118.75
191.75 129.5
163.25 138.75
172.25 139.5
177.5 138.5
177.5 138.0
179.5 133.5
137.0 95.75
154.75 99.5
155.0 98.5
159.75 99.0
156.75 100.25
149.0 99.75
174.25 100.5
178.75 99.25
181.5 99.0
178.25 96.5
182.25 100.5
179.0 100.5
147.75 173.25
158.25 164.0
173.0 154.75
181.25 154.0
181.5 150.75
176.75 154.5
168.25 162.0
163.75 163.75
173.5 160.0
177.75 157.5
172.25 159.0
156.75 180.5
168.0 182.25
171.5 179.75
169.25 172.5
153.25 180.5
166.0 187.0
173.25 187.0
173.5 182.0
169.5 170.75
