62.5 32.0 166.5 166.5
120.25 61.0
132.75 54.75
148.75 56.0
158.25 64.0
171.75 64.25
176.0 62.0
180.0 64.5
181.75 74.0
178.5 81.25
165.25 82.75
169.5 90.25
179.0 98.75
186.75 107.75
156.75 121.0
169.0 122.5
175.75 121.5
177.25 122.75
181.25 120.5
118.5 80.25
137.25 81.25
140.75 83.0
147.0 84.0
141.5 83.25
131.25 82.0
169.0 88.5
175.0 87.75
179.5 88.5
178.0 89.0
180.5 89.75
175.25 88.75
148.25 160.75
157.25 148.75
171.75 137.0
182.5 136.5
184.5 135.25
183.25 142.75
178.25 155.0
164.0 148.25
174.75 143.75
181.75 143.25
179.5 148.75
160.5 168.25
175.0 170.0
180.5 168.75
179.75 164.25
156.0 168.0
172.5 174.5
182.5 175.0
184.25 172.0
180.25 163.25
