49.5 25.5 170.5 170.5
127.25 63.5
138.0 56.25
152.0 56.5
160.25 63.5
170.25 62.25
173.0 59.5
174.75 61.25
175.0 70.0
170.75 77.0
167.0 81.25
172.25 88.5
183.0 96.25
191.75 104.75
166.25 120.0
176.0 120.0
181.0 118.5
181.75 119.0
182.5 116.5
126.25 83.0
137.75 72.75
146.5 74.0
151.0 84.0
146.25 85.75
137.25 85.25
167.75 85.75
170.0 77.5
174.5 77.75
172.25 84.25
176.0 87.5
172.75 87.0
165.25 154.0
173.75 143.25
182.5 135.5
188.0 136.0
189.0 133.25
189.25 136.25
187.0 144.0
177.75 146.25
184.5 142.25
187.75 141.0
187.0 142.75
178.0 147.0
185.25 143.25
188.5 142.0
188.0 142.75
176.5 151.75
186.75 149.0
191.5 148.0
192.25 146.5
189.5 145.75
