56.5 25.5 185.0 185.0
111.25 64.0
123.5 56.25
140.5 55.75
151.25 62.5
166.25 60.75
170.75 57.5
176.5 59.0
179.5 68.25
177.5 75.5
160.5 80.5
165.25 88.0
175.0 96.0
183.25 104.5
153.5 120.75
166.75 120.75
173.5 119.0
176.0 119.75
180.75 116.75
111.25 83.5
130.25 82.5
134.75 83.5
141.75 83.75
135.25 84.0
124.25 84.0
166.0 85.25
172.75 83.75
177.75 83.75
176.75 83.75
178.75 85.0
172.75 84.75
148.0 161.0
156.0 148.5
170.0 135.5
181.25 133.75
184.0 132.0
184.0 139.25
181.0 151.5
163.0 147.5
173.75 141.75
182.0 140.25
181.0 145.5
161.0 167.5
176.25 168.0
182.5 166.0
182.25 161.0
156.5 167.75
173.5 173.0
184.25 172.5
186.5 168.75
183.0 159.75
