73.5 35.0 150.0 150.0
114.75 67.25
128.75 59.5
145.75 58.0
155.75 62.75
169.5 62.0
172.5 61.5
174.75 63.5
174.75 70.75
170.25 75.75
164.25 76.75
170.0 83.75
179.0 91.25
188.0 103.25
157.5 118.0
172.75 116.75
180.5 115.0
180.75 115.25
181.25 112.0
116.25 84.5
136.75 82.5
139.75 81.5
146.0 81.25
140.5 82.25
130.75 84.5
168.75 83.25
174.25 81.75
177.25 82.75
173.75 83.75
178.0 84.0
174.5 82.5
157.75 156.5
165.25 147.5
178.0 136.75
187.25 135.25
188.75 132.75
186.5 138.25
181.5 147.5
169.75 147.25
178.75 142.75
185.0 140.75
182.5 144.25
168.0 167.0
181.5 168.25
186.0 165.75
184.25 160.0
163.25 167.0
177.75 173.25
186.75 172.5
188.25 168.0
184.0 158.25
