76.5 42.0 151.5 151.5
138.25 72.25
150.75 65.25
164.25 64.75
170.25 69.5
177.25 68.25
178.0 67.5
176.0 68.5
171.75 74.25
164.75 78.0
174.0 83.0
179.5 90.5
188.5 98.5
196.5 111.0
170.75 123.5
181.75 122.5
187.25 121.0
185.25 120.25
181.5 116.5
137.25 89.25
151.25 79.25
158.5 78.25
160.0 86.75
156.25 90.25
148.75 91.5
171.75 87.75
174.5 80.0
175.5 80.75
169.0 86.0
175.25 89.5
175.0 88.75
171.75 155.25
179.75 148.5
187.25 142.75
190.75 143.25
191.0 139.75
188.75 140.25
184.0 144.0
180.5 151.5
185.5 149.0
187.25 146.75
185.0 146.0
180.75 152.5
186.0 149.75
187.75 147.75
186.0 146.75
178.75 156.75
185.75 155.5
188.75 154.5
189.0 151.5
186.25 149.0
