73.5 43.0 152.5 152.5
133.5 71.25
147.75 65.75
163.0 67.0
170.25 72.75
180.5 73.0
182.25 72.75
182.0 74.0
178.75 79.75
172.25 83.25
174.25 87.0
179.0 95.25
186.75 104.5
193.75 117.75
164.0 127.0
177.0 127.75
183.5 127.25
182.75 126.5
181.0 122.75
131.25 88.25
146.75 79.75
155.75 79.75
157.75 89.25
152.0 91.75
143.0 92.0
174.25 92.5
178.25 85.25
180.75 86.25
174.75 91.5
179.5 95.25
178.25 94.0
161.5 159.5
171.0 153.75
180.25 149.5
184.5 150.5
186.25 147.25
185.0 147.75
181.0 151.5
172.0 157.5
178.5 155.5
181.75 154.0
180.5 153.5
172.25 158.25
178.75 156.5
181.75 155.0
181.25 154.25
169.5 162.25
177.25 162.25
181.5 162.0
183.5 159.25
181.75 156.75
