73.0 44.0 152.0 152.0
120.25 81.25
137.0 76.75
155.5 78.5
164.75 84.25
181.0 83.25
185.0 82.25
188.5 81.5
188.0 85.5
183.0 87.0
170.0 98.25
173.0 107.75
178.5 118.75
182.5 134.25
149.25 139.0
164.25 141.25
172.25 141.25
173.75 139.25
176.25 133.5
117.5 97.5
134.25 90.75
146.25 91.0
149.5 99.5
140.25 102.5
129.25 102.5
174.5 101.25
181.0 93.75
187.0 93.75
182.0 97.0
183.75 103.0
180.0 102.75
142.25 170.0
152.75 166.25
163.75 163.25
170.0 164.25
173.5 160.75
174.75 160.0
173.0 161.5
154.75 169.25
162.75 168.25
168.25 166.5
170.0 164.25
154.75 170.0
162.75 169.0
168.25 167.5
170.0 165.5
150.75 173.75
159.75 174.75
165.75 174.5
170.0 171.25
171.0 167.5
