77.0 42.0 149.0 149.0
125.75 66.5
139.0 59.5
154.5 59.0
162.75 64.5
173.25 64.5
175.25 64.25
175.5 66.5
173.5 73.5
168.0 78.25
169.25 78.5
175.0 85.75
184.0 93.25
193.0 105.25
164.0 118.5
177.75 118.0
184.5 116.5
183.5 116.75
182.25 113.75
126.0 83.75
146.25 82.75
147.5 82.0
153.0 82.0
149.0 82.75
140.25 84.25
170.5 85.25
175.0 84.25
177.0 85.5
172.0 86.0
178.0 86.5
175.25 85.0
162.5 156.5
170.25 147.75
182.75 137.5
190.5 136.25
191.0 134.0
187.0 139.5
180.75 148.25
174.0 147.75
182.5 143.5
187.0 141.75
182.75 145.25
171.75 167.0
183.75 168.25
187.25 166.25
184.0 160.5
167.5 167.0
180.75 173.25
188.5 172.5
188.75 168.25
183.25 158.75
