74.0 44.0 148.5 148.5
117.0 69.5
131.75 62.75
149.25 62.0
159.0 67.25
173.5 66.75
176.75 66.25
179.0 67.75
179.0 74.25
174.25 78.75
166.75 81.5
171.75 89.5
180.0 98.0
187.75 111.0
155.5 123.25
171.25 123.0
179.0 121.75
179.5 121.5
181.0 117.75
117.25 86.75
137.75 86.5
141.25 85.0
147.75 85.25
141.75 86.25
131.5 88.0
171.0 87.5
176.75 86.5
180.0 87.5
176.5 87.5
180.75 88.5
177.0 87.25
152.5 161.25
160.75 153.0
174.5 143.5
184.0 142.5
185.75 140.0
183.5 144.5
177.75 152.75
165.25 153.0
174.75 149.5
181.5 147.25
178.75 150.0
162.0 172.25
175.25 174.5
180.25 172.25
179.25 165.75
157.25 172.0
171.0 179.25
180.0 179.0
182.5 174.25
179.25 163.75
