59.0 30.5 162.0 162.0
110.25 64.25
124.5 57.0
142.25 56.0
152.75 61.25
168.25 61.5
172.0 61.25
175.5 64.0
176.75 72.0
173.0 77.5
162.25 75.5
167.5 82.5
176.0 89.75
184.5 101.75
152.5 115.75
168.75 115.25
177.0 114.0
178.25 114.5
180.25 112.25
111.5 81.5
131.75 79.5
136.0 79.25
142.75 79.5
136.25 79.75
125.5 81.5
168.25 83.0
174.5 82.25
178.0 83.5
175.5 85.0
179.0 84.5
174.5 83.0
152.25 155.25
160.0 146.0
173.25 135.5
183.5 134.5
185.75 132.5
184.5 138.75
180.0 148.5
164.75 146.25
174.5 142.0
182.0 140.75
180.25 144.75
163.0 166.5
177.0 168.5
182.75 166.75
182.0 161.0
158.0 166.0
172.75 173.25
182.75 173.25
185.5 169.0
182.0 159.5
