56.5 43.5 173.0 173.0
134.75 76.25
150.25 72.75
166.5 75.5
173.5 82.25
185.25 83.0
187.75 82.5
188.25 83.0
185.0 87.75
178.75 89.75
176.0 96.5
179.25 105.5
185.25 116.25
189.75 130.75
157.25 135.75
171.25 138.0
178.25 138.25
178.0 137.25
178.75 132.25
130.25 92.75
150.25 97.5
152.75 95.5
158.25 96.5
153.5 97.5
144.0 97.5
176.75 101.0
181.75 100.75
183.75 101.5
179.5 99.5
184.25 103.0
181.75 101.75
144.75 170.0
154.75 164.25
169.5 158.25
178.0 158.75
179.5 155.75
175.0 158.25
167.0 163.5
158.5 164.75
168.0 163.25
173.5 161.5
169.25 162.25
150.75 181.75
162.0 185.75
166.25 184.0
165.75 176.5
146.5 180.75
157.25 189.75
165.25 190.75
167.5 185.75
166.0 174.25
