72.5 47.5 154.5 154.5
148.0 76.5
162.0 73.5
175.25 76.75
180.0 83.5
187.25 84.5
188.5 84.0
186.5 84.75
181.0 89.25
173.5 91.0
180.0 97.5
183.25 106.25
189.5 116.5
194.0 130.5
164.75 135.25
176.25 137.5
182.25 137.75
180.5 136.75
178.75 132.25
142.25 92.5
161.25 97.5
161.25 96.0
165.5 97.0
162.75 97.75
155.5 97.75
177.25 102.0
180.75 101.5
181.5 102.5
175.75 100.5
182.0 104.0
181.0 102.5
151.25 169.25
161.0 163.25
175.25 157.25
181.75 157.5
181.75 154.75
175.75 157.25
166.25 162.75
164.0 164.0
172.5 162.25
175.75 160.5
169.75 161.25
156.0 180.75
165.75 184.5
168.5 182.5
166.0 175.25
152.5 179.75
162.25 188.5
168.25 189.0
168.75 184.25
165.5 173.25
