64.5 52.0 160.0 160.0
124.5 84.75
140.5 79.0
158.25 79.25
167.0 84.0
181.25 81.0
184.5 79.5
186.5 78.0
185.0 81.25
179.5 82.75
172.0 96.75
175.5 106.0
182.25 116.75
187.25 131.75
155.0 139.0
169.25 139.5
177.0 138.75
177.5 136.5
178.5 130.25
122.0 100.75
138.5 93.25
149.75 92.0
152.5 99.75
144.5 104.0
134.0 105.0
174.75 98.75
180.5 90.75
185.25 89.75
179.75 93.0
182.75 99.25
179.75 99.5
149.75 169.75
159.75 165.0
170.25 161.0
175.75 161.5
178.75 157.25
179.25 156.25
176.5 157.25
161.75 167.5
169.0 165.75
173.5 163.25
174.5 160.75
161.75 168.5
169.25 166.5
173.75 164.25
174.75 162.0
158.0 172.25
166.75 172.5
172.0 171.5
175.5 167.75
175.5 163.75
