69.0 34.5 165.5 165.5
135.25 74.5
148.5 67.5
163.0 66.75
169.75 71.5
178.0 69.75
179.25 68.75
178.0 69.25
174.25 74.5
167.5 78.0
173.75 84.75
179.25 92.5
187.75 101.0
195.5 114.0
168.25 126.0
180.25 125.0
186.0 123.75
184.5 122.75
181.5 118.25
134.0 91.5
148.75 81.5
156.75 80.25
158.75 88.75
154.0 92.5
145.75 94.0
172.5 89.0
175.75 81.25
177.5 81.5
171.25 86.5
177.0 90.25
176.0 89.75
168.25 157.75
176.75 151.25
185.0 145.75
188.75 146.25
189.5 142.5
188.0 142.75
183.25 146.0
177.75 154.25
183.25 151.75
185.75 149.5
183.75 148.25
177.75 155.25
183.75 152.5
186.0 150.5
184.75 149.25
175.75 159.5
183.0 158.5
186.5 157.25
187.5 154.0
185.0 151.25
