72.0 43.0 152.0 152.0
133.0 59.25
143.5 55.25
156.25 58.5
163.75 64.25
172.25 65.5
173.25 66.0
173.0 67.0
171.25 73.75
165.0 80.25
172.25 78.25
179.5 84.75
192.0 93.25
202.0 103.5
173.25 118.75
183.75 119.0
190.0 118.5
188.5 119.25
186.0 118.5
129.5 81.75
142.5 70.75
151.25 72.5
156.5 82.5
151.5 84.75
142.0 84.5
168.75 86.5
170.0 79.5
173.0 81.0
168.75 88.0
174.75 90.75
172.75 89.0
166.25 148.75
178.0 142.0
188.25 136.75
192.0 138.5
192.75 136.0
190.25 138.25
183.0 144.5
180.25 146.75
187.0 145.0
189.0 144.5
186.0 145.5
180.5 147.75
187.25 146.0
189.5 145.5
187.75 145.75
178.25 152.0
187.75 152.0
191.25 153.0
191.75 150.75
187.75 149.0
