76.5 42.5 147.5 147.5
136.75 67.75
148.0 63.5
160.75 66.25
168.0 71.5
176.75 70.5
177.75 70.25
177.5 69.25
175.25 74.5
168.25 79.5
175.25 85.25
181.75 93.0
193.5 103.25
202.25 115.0
171.5 128.75
182.25 128.75
188.75 128.0
187.0 127.5
185.5 124.75
131.5 90.25
148.5 81.0
152.75 81.75
159.0 89.75
153.5 93.5
143.75 94.0
171.25 91.0
174.5 83.25
176.0 82.5
171.25 89.0
176.75 93.5
175.0 93.0
157.0 162.25
168.75 154.5
183.75 145.5
190.5 144.5
190.25 142.25
184.5 146.0
173.75 153.25
173.0 155.0
182.25 151.75
185.25 149.75
179.0 151.75
169.0 173.5
180.75 175.25
183.0 173.5
179.0 166.5
164.75 173.5
178.25 180.5
184.75 181.0
184.0 175.75
177.75 164.75
