72.0 44.5 153.0 153.0
128.75 70.0
141.25 66.0
155.75 69.0
164.75 74.25
177.0 73.25
179.5 72.5
181.25 71.25
180.5 76.0
174.5 80.75
173.25 88.5
179.0 96.75
189.75 108.25
197.75 121.0
164.5 132.75
176.5 133.5
183.75 133.25
183.75 132.5
183.5 129.25
123.0 92.25
138.0 82.25
149.0 83.0
154.5 92.5
146.5 96.5
135.25 96.5
171.5 93.5
175.0 85.25
180.0 85.0
175.75 90.75
179.75 96.0
176.25 95.75
152.5 161.75
165.75 156.75
178.0 152.25
182.75 153.5
184.75 150.25
184.0 150.25
178.0 153.0
168.25 160.75
176.25 159.0
180.0 157.75
179.0 156.0
168.25 161.75
176.5 160.0
180.0 159.0
180.0 157.25
164.75 166.0
175.25 166.5
179.75 167.0
182.0 163.75
180.25 159.75
