48.5 34.5 186.0 186.0
124.0 70.75
137.0 66.75
152.5 69.75
162.25 75.25
176.25 74.0
179.25 73.25
182.25 72.0
182.5 76.5
177.0 81.0
171.25 89.5
176.75 98.0
187.0 110.0
194.5 123.25
159.75 134.5
173.0 135.5
181.0 135.25
181.25 134.5
182.75 130.75
118.5 93.0
136.75 84.5
143.25 85.0
151.75 93.25
142.5 97.5
130.75 97.5
171.0 94.5
177.5 86.25
180.5 85.5
177.25 91.5
180.5 97.0
176.25 96.75
143.25 166.5
155.75 160.5
172.5 152.75
181.5 152.5
183.25 150.0
180.0 152.75
171.0 158.5
160.75 161.5
171.5 159.0
177.75 157.0
174.25 157.75
155.5 179.5
169.25 182.5
173.75 180.75
173.25 173.0
150.5 179.0
165.0 187.75
173.5 189.0
175.75 183.25
173.0 170.75
