63.5 47.0 164.5 164.5
126.5 74.25
140.25 71.75
155.5 76.75
165.0 83.25
180.5 83.25
184.0 82.75
188.0 81.0
188.0 85.25
182.75 88.5
172.5 98.5
176.5 108.0
184.5 121.75
189.5 136.5
154.0 141.75
166.75 144.5
174.75 145.5
175.75 144.25
177.75 140.5
118.0 95.0
134.5 87.5
146.5 89.75
152.25 99.5
141.5 102.75
129.5 101.25
172.5 102.5
178.0 94.5
185.0 94.5
180.75 99.25
182.5 105.75
177.75 105.25
137.25 167.75
151.25 165.25
165.0 163.25
170.25 165.0
173.5 162.25
174.25 161.5
169.75 162.5
153.75 169.5
162.75 169.25
167.5 168.5
168.75 166.25
153.5 170.5
162.75 170.5
167.5 169.75
169.0 167.75
149.0 174.25
159.75 176.75
165.25 178.0
169.0 174.75
169.5 170.0
