77.0 42.5 150.5 150.5
128.75 61.5
140.5 57.5
154.5 60.75
163.0 66.75
174.0 67.5
176.0 68.0
177.0 68.5
176.25 74.75
170.5 81.0
172.0 81.0
178.5 88.25
190.25 97.75
199.5 109.0
167.25 123.25
179.5 123.75
186.75 123.5
186.0 124.0
185.5 122.5
124.25 83.75
141.5 74.75
146.75 76.25
154.5 85.25
147.5 87.5
136.75 87.25
170.0 88.75
174.25 82.0
176.25 82.0
172.75 89.5
177.5 92.75
174.75 91.5
153.5 158.25
165.75 150.25
181.25 141.0
189.25 140.75
189.75 139.25
185.25 144.5
175.75 153.5
170.5 151.25
180.5 148.0
185.0 147.25
180.0 150.75
166.75 170.75
180.25 173.25
183.5 172.25
180.5 166.25
162.25 170.5
177.0 178.25
185.0 179.75
185.25 175.25
179.75 165.0
