73.5 43.5 153.5 153.5
121.75 64.75
134.25 60.5
149.5 63.25
159.5 68.75
173.25 68.5
176.25 68.5
179.0 68.25
179.5 74.0
174.5 79.75
169.5 83.25
175.5 90.75
186.75 101.5
195.25 113.5
161.25 127.25
174.5 127.75
182.5 127.5
182.75 127.5
184.0 125.0
117.5 87.25
135.0 78.0
141.5 79.0
150.5 87.5
141.5 91.0
129.75 90.75
169.5 90.0
175.25 82.25
178.25 82.0
175.5 89.25
179.0 93.25
175.0 92.25
146.75 161.75
159.0 154.25
175.5 145.25
184.5 145.0
186.0 143.0
182.75 147.5
174.25 155.5
164.25 155.25
175.0 152.25
181.0 151.0
177.5 153.5
160.0 174.5
174.25 177.25
178.75 176.0
177.75 169.0
155.0 174.25
170.25 182.5
179.25 184.0
181.0 179.0
177.25 167.5
