74.5 44.0 154.0 154.0
140.0 67.25
151.0 63.25
163.0 66.25
169.75 71.75
177.5 71.25
178.0 71.0
177.5 70.5
174.5 75.5
167.5 80.5
176.25 85.5
182.5 93.25
194.25 103.75
203.0 115.25
172.75 128.5
183.0 128.5
189.25 128.0
187.25 127.75
185.25 125.25
134.25 89.5
151.0 80.75
155.0 81.5
160.5 89.75
155.75 93.25
146.5 93.25
171.5 91.5
174.5 84.0
175.5 83.5
170.5 89.75
176.25 94.25
175.0 93.5
158.0 161.75
170.0 154.25
184.5 145.25
191.0 144.5
190.5 142.5
184.0 146.25
173.0 153.75
173.75 154.75
182.75 151.75
185.5 150.0
178.75 151.75
169.75 173.25
181.0 175.25
183.0 173.5
178.5 166.75
165.5 173.25
178.5 180.25
184.75 181.0
183.75 175.75
177.25 165.0
