78.5 41.0 159.0 159.0
123.75 65.0
135.25 59.5
149.5 60.75
158.75 65.25
169.75 63.75
171.5 63.5
172.75 63.0
172.5 68.75
167.25 74.75
169.0 78.25
176.25 85.0
189.0 93.75
199.25 104.5
169.0 121.75
180.5 120.75
187.5 119.75
187.0 119.5
185.75 117.5
121.75 87.75
134.75 75.5
145.0 75.5
151.75 84.5
145.25 88.75
134.5 90.0
167.5 85.0
169.25 77.0
173.75 76.75
170.25 83.75
175.5 87.25
172.5 86.75
162.25 152.5
174.5 145.25
185.5 139.0
190.25 140.0
191.5 136.75
190.25 138.0
184.5 143.0
177.5 149.25
184.75 146.75
188.0 145.25
186.25 145.0
177.75 150.25
185.25 147.75
188.25 146.5
187.75 145.75
175.25 155.0
185.25 154.0
189.75 154.25
191.0 151.25
188.25 148.5
