68.0 43.0 161.5 161.5
131.75 70.0
145.0 67.75
159.5 73.0
168.0 79.75
181.5 80.5
184.25 80.5
186.75 79.75
186.0 84.5
180.0 88.5
175.0 95.0
179.25 104.25
188.25 117.25
194.0 131.0
158.25 137.75
171.0 140.5
178.75 141.25
179.0 140.75
180.5 137.5
123.25 91.25
142.5 85.5
148.5 87.0
155.5 96.25
146.25 99.0
134.75 97.25
173.25 100.25
180.5 93.0
183.25 92.75
179.25 98.5
181.75 104.25
178.25 103.25
137.75 167.75
151.0 163.25
168.75 157.75
177.25 158.5
179.0 156.25
175.0 158.75
165.0 163.75
155.75 164.75
166.75 163.75
172.75 162.75
168.75 163.25
148.25 182.25
161.25 187.0
165.75 186.0
165.75 178.25
143.5 181.25
156.5 191.5
164.5 194.0
167.25 188.75
165.75 176.25
