64.0 46.0 165.5 165.5
143.75 79.25
157.75 76.5
171.75 81.75
178.25 86.5
188.25 86.0
189.5 85.75
189.25 83.75
183.75 88.25
176.75 91.0
183.0 97.0
185.0 106.0
189.5 120.5
193.5 135.5
160.75 138.5
171.75 141.5
178.0 142.0
176.5 140.5
176.5 135.25
138.75 97.5
153.0 101.0
153.5 98.0
158.5 96.25
154.75 100.25
148.0 101.5
172.25 99.5
176.0 101.25
178.25 102.0
175.75 100.25
178.75 103.5
176.0 102.0
148.0 172.25
158.25 164.25
172.5 157.25
179.25 157.0
179.75 154.25
174.5 157.0
165.25 164.5
161.75 164.0
169.75 161.5
173.75 159.5
169.0 161.0
153.75 180.25
163.0 183.0
166.0 181.25
165.0 174.25
150.5 179.75
159.5 187.5
166.0 187.75
166.75 183.25
165.0 172.5
