63.0 39.0 166.0 166.0
125.5 71.25
140.25 67.75
157.5 72.75
166.5 77.75
182.0 78.25
184.75 78.5
187.75 78.0
185.75 84.5
180.25 88.75
174.75 89.0
177.25 97.75
182.5 112.25
187.5 127.5
152.75 132.25
165.75 135.5
173.5 136.25
173.5 135.5
175.75 131.0
124.25 90.75
139.25 93.5
142.25 91.5
148.5 90.0
142.75 93.0
134.0 94.0
169.25 94.75
174.5 96.75
178.75 98.25
177.75 97.25
179.0 99.5
174.5 97.5
143.0 168.75
152.5 159.75
167.5 151.75
176.0 152.0
177.75 149.75
175.0 154.25
168.25 163.5
157.25 159.75
166.0 157.25
172.5 155.75
170.0 158.75
150.5 177.5
161.75 181.0
166.5 179.75
167.25 173.25
146.75 177.0
157.5 185.5
166.0 186.25
168.5 182.25
168.0 171.75
