75.0 45.5 148.5 148.5
143.5 71.75
156.5 68.0
170.0 72.75
176.25 77.5
184.75 77.5
185.5 77.75
184.25 77.25
178.5 83.5
171.75 87.25
181.5 88.0
184.75 96.25
191.25 109.75
197.25 124.0
166.5 130.25
176.75 132.75
182.75 133.0
180.75 132.0
178.75 128.0
140.25 91.0
151.5 82.25
157.0 82.5
158.0 89.5
153.75 94.75
147.5 95.0
170.0 93.25
173.75 87.75
177.25 89.5
172.25 95.0
174.75 98.75
173.25 97.5
162.75 162.75
172.25 154.75
180.75 149.5
183.75 150.5
184.5 147.75
183.0 149.25
178.0 155.25
172.75 157.75
177.75 155.25
179.75 154.25
178.5 154.75
172.75 158.5
178.0 156.25
180.0 155.25
179.25 155.0
170.75 162.75
177.0 162.25
180.25 161.75
181.25 159.75
179.5 157.75
