60.0 25.5 173.0 173.0
135.0 60.0
146.0 54.75
159.75 57.75
166.5 62.25
174.0 63.5
174.5 64.75
172.75 66.5
168.75 75.25
163.0 81.5
173.75 72.25
179.0 79.0
188.5 90.0
198.25 101.5
170.0 114.25
180.5 115.25
186.5 114.5
184.0 115.25
181.25 113.25
136.0 80.25
149.75 79.75
148.5 79.75
152.25 78.0
150.75 80.0
145.75 81.0
163.75 83.25
167.5 85.0
169.5 86.75
166.0 87.75
170.5 87.75
168.0 85.5
170.5 152.5
177.25 140.25
187.5 129.0
193.25 127.75
192.25 127.0
188.0 134.0
181.75 147.0
180.25 140.0
186.5 135.25
188.75 134.5
184.25 140.25
178.75 159.25
188.5 160.0
190.0 158.75
185.75 155.0
175.75 159.5
187.0 164.75
192.75 164.25
191.25 161.75
184.75 154.0
