75.0 43.5 148.0 148.0
149.25 74.25
161.75 71.25
174.5 76.5
179.75 81.25
187.0 81.5
187.25 81.75
185.5 80.75
179.0 86.25
171.75 89.75
183.75 92.0
186.5 100.25
192.25 114.0
197.5 128.5
166.5 133.25
176.5 136.0
182.25 136.5
180.0 135.5
178.25 131.0
144.25 93.0
157.75 96.0
156.75 93.75
161.0 92.25
158.75 95.5
153.25 96.5
171.25 96.25
174.25 98.0
175.75 99.25
172.5 98.25
176.5 100.75
174.5 99.0
155.75 168.5
165.5 159.5
178.75 151.25
184.75 151.0
184.0 148.75
178.0 152.5
168.5 161.25
168.5 159.25
175.75 156.25
178.5 154.5
172.75 157.0
161.5 176.5
170.25 178.75
172.25 177.0
169.75 170.75
158.5 176.0
167.25 183.25
173.0 183.5
172.75 179.25
169.25 169.25
