54.0 29.5 185.0 185.0
129.5 73.75
144.25 70.5
160.75 75.5
169.25 80.5
183.75 80.5
186.25 80.75
188.5 79.5
185.5 85.5
179.75 89.25
177.0 91.5
179.25 100.25
184.25 115.0
189.0 130.5
155.5 134.25
167.5 137.5
174.5 138.25
174.5 137.0
175.5 132.75
127.5 93.0
139.75 84.5
148.0 84.75
150.75 92.0
143.75 97.25
135.25 97.25
170.0 96.0
175.25 90.25
181.25 92.0
177.25 97.5
177.5 101.75
174.25 100.25
149.0 167.25
159.75 160.0
170.25 155.5
174.75 156.5
176.75 153.75
177.5 155.0
174.25 160.5
161.5 162.75
167.75 161.0
171.75 159.75
172.75 160.0
161.5 163.75
168.0 162.0
171.75 161.0
173.0 160.5
158.25 167.75
166.0 168.0
170.75 167.75
173.5 165.75
173.75 163.5
