60.0 28.0 164.0 164.0
114.75 58.0
128.25 52.75
145.75 55.75
155.75 60.5
171.75 62.25
175.0 64.0
178.25 66.0
178.5 76.0
174.75 82.75
166.5 71.25
170.75 78.0
178.75 89.25
186.75 101.75
154.25 114.0
167.5 115.75
175.25 115.5
176.0 116.5
177.0 115.25
117.5 78.25
127.5 67.75
136.25 68.75
141.25 76.75
134.5 80.75
126.0 81.0
163.5 83.25
167.5 77.75
175.0 80.5
173.0 88.25
173.5 90.0
169.25 87.5
155.25 148.25
164.5 138.25
174.5 132.25
180.0 134.0
182.0 131.75
184.0 135.5
183.5 145.5
167.75 142.5
174.0 140.25
178.5 139.75
181.0 142.75
167.75 143.25
174.5 141.0
178.75 141.0
180.75 142.5
165.5 147.75
173.5 147.25
179.0 147.25
182.0 146.25
182.75 146.25
