56.5 36.5 171.5 171.5
132.0 69.5
146.0 65.75
162.0 70.25
170.0 75.25
182.5 75.75
184.5 76.25
185.5 76.0
182.25 82.75
176.25 87.25
177.5 86.25
180.5 94.75
186.75 108.5
192.75 123.0
159.25 129.5
171.5 132.25
178.5 132.5
177.75 132.0
178.25 128.0
130.25 89.25
145.0 91.25
146.5 89.75
152.0 88.0
147.75 91.0
140.25 92.0
169.5 92.75
174.0 94.5
177.25 96.0
175.5 95.5
177.75 97.25
174.25 95.5
150.75 166.5
160.25 156.75
174.25 148.0
182.0 147.75
182.75 145.75
179.0 150.5
171.5 160.5
164.25 156.75
172.5 153.5
177.5 152.25
174.0 155.5
158.25 174.75
169.0 177.5
172.75 176.0
172.0 170.0
154.5 174.5
165.25 182.25
173.0 182.5
174.25 178.75
172.0 168.5
