55.5 36.5 173.0 173.0
126.25 69.75
141.0 66.0
158.0 71.0
166.75 76.25
181.75 77.25
184.5 77.75
187.25 77.5
185.0 84.25
179.5 88.75
175.0 87.75
177.75 96.25
183.0 110.5
188.25 125.75
153.75 130.75
166.75 134.0
174.25 134.75
174.25 134.0
176.25 130.0
125.0 89.5
140.0 92.0
142.75 90.25
149.0 88.75
143.5 91.75
134.75 92.5
169.25 94.0
174.5 96.0
178.5 97.75
177.25 97.0
179.0 99.0
174.5 96.75
144.25 167.75
154.0 158.5
168.75 150.25
177.25 150.25
178.75 148.5
176.0 153.0
169.0 162.75
158.5 158.5
167.0 155.75
173.5 154.5
170.75 157.75
152.0 176.5
163.25 180.0
167.75 178.75
168.25 172.5
148.0 176.0
159.0 184.25
167.25 185.25
169.75 181.5
169.0 171.0
