79.5 51.0 156.0 156.0
125.25 79.5
140.5 76.0
157.75 80.5
167.0 85.25
183.0 83.75
186.25 83.25
189.5 81.0
187.5 85.75
182.0 88.75
175.0 95.75
177.0 105.0
181.5 120.25
185.5 136.0
151.0 139.0
164.0 142.0
171.5 142.75
171.75 141.0
174.5 135.25
123.75 98.0
138.75 101.0
142.0 97.75
148.5 95.75
142.5 100.0
133.25 101.5
169.75 98.25
175.25 99.75
179.25 100.75
178.75 98.75
179.75 102.25
175.0 100.75
140.25 173.25
149.75 165.25
164.75 158.25
173.25 158.0
175.25 155.25
172.75 158.0
165.75 165.25
154.5 165.0
163.0 162.75
169.75 160.5
167.5 162.0
147.25 181.5
158.25 184.5
163.0 182.75
164.25 175.5
143.5 180.75
153.75 189.0
162.0 189.5
164.75 184.75
165.0 173.5
