62.0 47.5 166.5 166.5
144.5 80.0
157.5 77.0
171.25 82.25
176.75 86.75
188.5 86.25
190.5 87.25
192.5 86.0
189.5 90.25
181.75 91.75
181.25 96.5
184.0 106.25
190.75 121.0
196.75 137.0
161.75 141.0
172.25 143.75
178.75 144.75
177.75 142.25
178.25 137.75
132.25 96.25
148.0 90.0
155.0 90.5
154.75 97.25
148.5 101.75
140.5 101.0
171.25 101.0
176.5 95.5
182.25 96.25
177.0 100.25
176.75 105.0
174.25 104.25
152.5 170.0
163.25 163.75
172.75 160.25
177.0 160.75
178.75 157.5
178.0 157.5
173.0 161.25
164.5 166.75
171.0 165.25
174.25 163.5
173.5 162.25
164.5 167.5
171.25 166.0
174.5 164.25
174.0 163.0
161.25 171.5
169.5 171.75
174.0 171.25
176.0 168.0
174.25 165.5
