123.0 143.0 70.5 70.5
122.25 75.5
136.0 70.5
154.25 74.0
162.75 78.0
180.25 76.0
184.0 76.75
189.5 75.5
190.25 80.75
184.5 84.0
172.0 87.5
176.0 97.0
184.5 111.25
192.5 127.0
154.5 135.75
168.5 137.25
176.75 137.5
177.0 135.5
180.25 130.75
115.5 93.75
133.75 96.0
136.75 93.75
143.5 92.0
137.25 95.5
127.5 96.5
168.0 94.25
173.25 94.75
177.75 95.25
178.75 93.75
178.5 96.75
173.25 95.75
145.5 169.5
155.0 160.75
169.5 152.75
179.25 151.5
181.5 148.75
179.5 152.0
173.25 160.25
160.5 160.75
170.25 157.75
177.5 155.0
175.25 156.75
155.0 178.5
168.0 181.0
173.5 178.5
173.5 171.25
150.75 178.0
163.75 185.5
173.25 185.5
176.25 179.75
174.25 169.25
