75.5 46.5 148.5 148.5
128.0 63.0
139.0 57.25
154.5 60.0
161.75 64.0
173.5 63.5
176.25 64.75
178.5 65.25
178.0 72.5
171.75 78.5
170.0 73.5
176.25 81.25
187.75 91.75
199.25 104.0
166.5 119.5
178.5 119.75
185.75 119.25
184.0 118.75
184.0 116.0
122.5 84.0
139.75 83.75
140.25 83.5
145.25 81.75
141.75 84.25
134.25 85.25
164.0 85.0
167.75 85.75
171.25 86.25
170.25 86.5
172.25 87.5
168.25 86.25
164.25 156.25
172.0 144.75
183.5 133.75
191.25 132.0
191.25 130.5
188.25 136.25
182.5 147.75
176.5 144.25
184.5 139.75
188.75 137.75
185.0 142.25
175.0 163.75
186.75 164.5
190.25 162.25
186.5 157.25
171.0 164.0
184.75 169.0
192.5 168.25
192.25 163.75
186.0 156.0
