67.0 46.5 165.0 165.0
149.5 80.75
161.0 76.5
173.5 80.0
177.75 83.75
186.75 81.25
188.0 81.75
188.5 80.0
184.5 84.0
176.0 86.0
181.5 92.25
185.25 101.75
193.25 115.5
200.5 130.5
168.0 138.25
177.25 139.25
183.25 139.5
181.25 137.0
180.25 132.25
137.25 97.75
152.25 89.75
157.5 89.25
157.0 95.75
152.25 101.25
145.25 101.5
170.0 97.0
174.25 90.75
178.75 91.0
173.25 95.0
174.25 100.0
172.5 99.75
161.5 167.25
171.25 160.0
179.5 155.25
182.75 155.0
183.75 151.75
181.75 151.5
176.25 155.25
172.25 162.5
177.5 160.25
179.75 157.75
177.75 156.5
172.25 163.5
177.75 161.0
180.0 158.75
178.75 157.25
169.75 167.75
177.25 166.75
180.5 165.75
181.5 162.0
178.75 159.5
