61.0 46.5 175.0 175.0
116.75 84.5
131.25 80.25
150.75 84.0
160.5 87.75
180.75 84.75
185.5 85.0
193.0 82.75
194.75 86.5
190.0 87.5
170.25 96.75
173.0 107.25
179.5 123.0
185.5 140.0
146.75 144.25
161.25 146.25
170.0 147.25
171.25 144.25
176.5 138.5
110.25 100.5
128.5 104.0
133.25 100.75
140.75 99.0
133.0 103.0
122.0 104.25
168.5 100.25
174.25 100.75
179.5 101.0
181.75 98.25
180.0 102.5
174.0 101.75
135.5 175.0
145.25 168.0
160.5 161.75
170.75 161.0
174.25 157.75
173.25 159.25
167.5 165.25
151.0 168.25
161.0 166.25
170.0 163.25
168.75 163.0
144.5 184.25
157.25 187.5
164.0 184.75
166.0 176.5
140.0 183.5
152.25 191.75
162.25 192.0
167.25 185.75
167.25 174.25
