62.0 22.5 175.0 175.0
130.0 58.0
140.75 53.0
155.5 56.75
162.25 61.75
173.25 63.0
175.75 64.75
177.5 66.5
176.75 74.5
170.5 81.25
170.25 71.75
176.5 79.25
188.0 89.25
199.75 100.75
167.75 115.5
179.5 116.75
186.5 116.5
184.5 116.75
184.0 115.0
124.25 79.5
141.25 79.75
141.25 80.5
146.25 79.25
143.0 80.75
135.75 80.75
163.75 85.0
167.25 86.0
170.5 87.25
169.25 88.0
171.5 88.25
167.75 86.5
166.0 152.75
173.5 140.75
184.75 130.25
192.25 129.0
192.0 128.0
188.5 135.0
183.0 147.25
177.75 140.75
185.75 136.5
189.5 135.5
185.5 141.25
176.75 160.5
188.5 161.75
191.5 160.25
187.25 156.25
172.75 160.5
186.5 166.0
194.0 165.75
193.5 162.25
186.75 155.25
