72.0 53.5 164.5 164.5
130.25 83.75
144.0 79.5
161.0 83.0
168.75 86.5
184.5 83.5
188.0 83.75
192.5 81.5
191.75 85.25
185.25 86.5
176.0 95.25
179.25 105.25
186.75 120.25
193.25 136.5
155.75 142.5
168.75 144.0
176.5 144.5
176.5 141.5
179.25 136.0
121.25 100.0
138.75 103.25
141.5 100.0
147.75 98.0
142.0 102.25
132.75 103.5
170.0 99.0
174.75 99.25
178.75 99.5
179.25 97.0
179.25 101.0
174.75 100.25
144.0 173.75
154.25 166.0
168.75 159.25
177.75 158.0
179.5 154.5
176.5 156.25
169.25 162.5
159.0 166.0
168.5 163.5
175.25 160.25
172.0 160.25
152.25 182.25
164.0 184.75
169.25 181.75
169.0 173.75
148.25 181.75
160.0 189.25
168.75 189.0
171.5 182.5
169.5 171.5
