60.5 28.0 166.5 166.5
129.75 61.0
141.25 56.25
156.75 60.25
163.75 65.0
176.0 66.0
178.75 67.5
181.25 68.75
180.5 76.25
174.25 82.25
171.75 75.25
177.5 83.25
188.5 94.25
199.25 107.0
166.0 120.25
177.75 121.5
184.75 121.75
183.5 121.25
183.25 119.0
123.25 82.0
136.75 72.25
144.0 73.5
146.5 82.0
141.0 85.75
132.75 85.25
165.25 87.0
168.75 81.0
175.0 82.5
171.75 89.0
172.25 91.75
169.25 90.25
166.0 151.75
175.0 142.5
183.5 137.25
188.25 138.25
189.5 135.75
189.25 138.0
186.25 145.75
177.5 146.5
183.75 144.25
187.0 143.0
186.5 144.5
177.75 147.25
184.25 145.0
187.5 144.0
187.25 144.75
175.75 151.5
184.25 150.5
189.0 150.25
190.5 148.0
188.25 147.75
