61.5 40.0 177.5 177.5
153.25 76.25
164.25 73.0
175.75 78.25
179.5 82.75
187.25 82.5
188.5 83.5
188.25 82.75
184.0 87.5
175.0 89.75
182.5 92.5
186.0 101.75
193.75 115.5
200.75 130.5
168.75 136.75
177.75 138.75
183.25 139.5
181.0 137.5
179.75 133.5
140.25 93.5
154.75 86.5
159.75 87.25
158.5 94.25
154.0 98.75
147.5 98.0
170.25 98.25
174.5 92.5
178.5 93.5
172.75 97.75
174.0 102.25
172.5 101.25
161.5 166.0
171.5 159.0
179.5 155.0
182.5 155.25
183.25 152.25
181.0 152.75
175.0 157.25
172.0 162.0
177.25 160.25
179.25 158.5
176.75 157.75
172.0 163.0
177.5 161.25
179.5 159.5
177.75 158.5
169.75 167.0
176.75 166.75
180.0 166.25
180.75 163.0
177.5 161.0
