70.5 30.5 166.5 166.5
112.75 62.5
125.0 56.25
143.5 58.75
153.25 62.75
170.5 62.0
174.75 63.25
180.25 64.0
182.75 71.75
178.5 78.0
164.25 72.25
170.0 80.0
181.0 90.75
191.75 103.5
156.75 119.25
170.75 119.75
179.0 119.5
179.5 119.0
181.5 116.5
109.75 83.5
123.0 72.75
132.75 73.25
137.5 81.25
130.0 85.75
120.0 86.0
162.75 84.5
166.75 78.0
175.5 78.5
174.0 85.5
173.0 88.5
168.25 87.25
157.25 151.5
166.75 141.75
176.75 136.0
183.25 136.5
185.75 133.75
187.75 136.0
187.25 144.0
170.75 145.5
178.25 143.0
183.5 141.5
185.5 143.0
171.0 146.5
179.0 143.75
184.0 142.5
185.75 143.0
168.25 151.0
178.25 149.5
184.75 149.0
188.25 146.5
187.75 146.0
