57.5 37.5 176.5 176.5
119.5 67.5
133.25 64.0
152.0 69.5
161.25 74.75
180.0 76.0
184.5 77.5
191.0 78.25
192.5 85.0
187.5 89.25
170.5 85.75
174.0 95.5
181.5 109.5
188.75 125.25
149.75 132.0
164.25 135.25
173.0 136.5
174.0 135.25
178.5 132.0
112.5 86.75
130.5 90.25
134.75 89.5
141.75 88.75
134.75 90.75
124.25 90.25
168.25 95.25
173.75 96.5
178.75 98.0
180.25 97.5
179.25 99.25
173.5 97.5
139.0 167.0
149.0 158.25
164.25 150.75
174.75 150.75
177.75 149.0
176.5 153.75
170.5 163.0
154.75 158.75
165.0 156.75
173.5 155.75
172.0 158.75
148.5 177.5
161.75 181.5
168.5 180.25
169.75 173.75
143.75 176.5
157.0 185.5
167.25 187.0
171.75 182.25
170.75 172.25
