69.0 48.5 159.5 159.5
119.0 72.0
134.25 63.75
149.0 62.75
160.0 71.0
176.0 72.25
180.25 70.75
183.5 72.5
184.0 82.75
180.0 88.0
168.5 90.25
174.0 99.25
185.25 114.25
193.0 129.0
153.75 137.25
167.75 140.75
176.75 141.5
177.25 140.25
178.5 135.25
119.0 91.5
130.75 81.25
141.5 81.5
146.75 91.25
137.75 95.5
127.75 95.0
168.5 95.5
172.75 88.0
180.5 89.75
178.25 96.5
178.25 100.75
173.75 99.5
146.0 166.5
156.25 162.5
167.75 159.75
173.0 161.75
175.75 159.0
177.25 159.0
175.0 161.5
158.5 166.0
166.0 165.5
170.5 164.75
172.5 163.75
158.5 166.75
166.25 166.5
170.5 165.75
172.5 164.5
154.75 170.25
163.75 171.5
168.75 172.5
172.25 170.0
173.5 167.0
