74.5 46.0 150.5 150.5
150.0 76.75
163.5 70.5
174.75 71.25
180.25 80.0
187.0 81.75
187.75 80.25
185.5 81.25
180.0 89.75
172.75 93.75
182.25 98.25
187.5 107.5
198.75 122.75
206.0 136.75
170.0 142.0
180.25 145.75
186.5 146.5
183.75 145.0
180.5 139.5
145.5 95.5
157.25 86.75
163.5 87.75
164.5 97.25
159.75 101.0
153.0 100.0
173.75 101.75
176.75 94.75
179.0 96.5
174.0 102.0
176.75 106.75
176.0 105.5
159.75 169.0
169.25 165.5
178.5 163.0
180.75 164.5
182.0 162.0
179.25 161.25
172.0 163.0
168.75 168.5
174.0 167.75
175.75 167.0
173.5 165.5
168.75 169.25
174.0 168.75
175.75 167.75
174.5 166.5
166.0 172.5
172.25 173.5
174.75 174.0
175.75 171.75
173.75 168.5
