44.0 27.5 188.0 188.0
113.5 72.75
127.0 62.25
141.25 59.0
153.5 65.5
169.25 64.25
173.0 62.25
176.0 63.5
178.25 73.75
174.75 79.75
164.75 83.25
171.75 91.0
185.5 103.75
195.5 117.0
158.0 131.75
172.5 133.0
181.25 132.25
181.5 131.0
181.75 126.0
116.5 92.0
126.25 80.0
136.75 78.75
143.5 87.5
135.5 93.25
125.5 94.25
165.5 88.5
168.25 80.25
176.0 81.0
174.75 88.25
175.75 92.25
171.0 91.5
155.0 161.75
164.75 156.0
175.75 151.75
181.0 152.75
183.25 149.75
184.5 149.5
182.5 152.75
167.25 159.25
174.5 157.5
179.0 156.25
180.5 155.0
167.5 160.25
175.0 158.5
179.0 157.25
180.75 155.75
164.5 164.25
173.5 164.0
178.25 164.0
181.5 161.25
182.0 158.25
