73.0 43.0 153.0 153.0
120.25 65.25
133.0 55.5
146.25 53.0
157.25 60.25
170.25 61.25
172.75 60.25
174.5 63.0
175.25 74.5
171.5 81.25
167.75 77.75
175.25 84.75
190.0 95.25
201.25 106.75
164.0 123.5
178.25 124.75
186.75 124.0
185.75 124.25
184.75 120.75
123.0 84.5
138.75 84.0
141.75 83.25
147.75 82.0
142.75 84.25
133.5 85.25
166.25 86.0
171.0 86.75
175.0 88.25
173.25 88.75
176.0 89.5
171.5 87.5
158.5 159.25
166.75 151.0
180.5 141.75
188.75 141.0
189.75 139.75
186.5 144.75
179.5 153.75
170.75 151.0
179.5 147.75
185.0 146.75
181.75 150.25
167.5 170.75
180.25 173.5
184.0 172.25
182.25 166.25
163.25 170.0
176.75 177.5
184.5 178.5
185.75 174.5
182.0 164.25
