70.5 51.0 161.0 161.0
131.5 74.75
146.25 67.0
159.75 66.0
169.0 74.25
181.0 75.0
183.5 73.0
184.25 74.25
182.25 83.75
176.5 88.25
175.25 92.75
181.0 102.0
193.25 116.75
201.5 131.0
162.25 139.5
175.5 142.5
183.75 142.5
182.5 141.25
182.0 135.5
130.25 94.25
146.25 96.75
149.0 94.5
154.75 93.75
149.75 96.5
140.75 97.25
171.5 97.25
175.75 98.0
179.0 99.0
177.0 97.75
179.75 100.5
176.0 99.0
149.75 170.75
159.25 165.0
174.25 159.0
182.0 159.0
183.0 156.75
178.5 158.75
169.75 164.0
163.0 165.25
172.0 163.75
177.0 162.0
172.75 162.5
156.0 182.5
167.25 186.5
170.75 185.0
170.0 177.25
152.25 181.25
163.0 190.0
170.0 191.25
171.75 186.5
170.0 174.75
