73.5 44.5 152.5 152.5
137.25 64.0
147.75 55.25
158.25 53.5
166.25 61.0
173.0 62.75
173.0 62.25
171.25 65.0
169.0 76.0
163.25 82.75
174.0 78.25
182.25 84.75
197.75 94.75
209.5 105.25
177.25 121.25
188.25 122.25
194.5 121.5
191.25 122.0
186.25 119.25
139.0 83.5
147.25 72.25
153.25 72.5
157.0 81.75
154.0 85.5
147.5 85.75
167.0 86.25
167.5 79.5
170.25 81.75
167.25 89.0
171.5 91.5
170.5 89.75
176.75 150.5
184.75 144.25
192.5 139.75
195.25 141.0
195.5 138.75
192.5 140.0
186.25 145.5
185.25 148.0
190.0 146.25
191.5 145.5
188.5 146.25
185.25 148.75
190.25 147.25
191.5 146.5
189.75 146.5
183.75 152.75
190.25 152.25
192.75 152.5
192.75 150.75
189.75 149.25
