76.0 43.0 153.5 153.5
135.5 79.0
150.0 70.75
163.0 69.5
171.5 77.0
182.5 76.75
184.5 74.25
184.25 74.75
181.5 83.25
175.5 87.25
177.0 95.0
183.0 104.25
195.25 119.5
203.25 133.75
164.75 142.0
177.5 144.25
185.25 144.25
183.5 142.5
182.25 136.0
133.75 98.0
149.5 100.25
151.5 97.5
157.0 96.25
152.75 99.5
144.25 101.0
172.0 98.0
176.0 98.5
178.75 99.25
176.25 97.25
179.5 100.75
176.25 99.75
152.0 172.0
161.5 166.5
176.0 160.5
183.25 160.25
183.75 157.75
178.75 158.75
169.5 163.25
164.75 166.5
173.5 164.75
177.75 162.5
173.0 162.5
157.75 183.0
168.25 186.5
171.5 184.5
170.25 176.5
154.25 182.0
164.5 190.0
171.0 190.75
172.0 185.75
170.0 174.0
