83.5 55.5 149.5 149.5
141.25 75.0
154.75 67.0
166.75 66.25
174.25 74.5
182.75 75.0
184.0 73.25
182.5 74.25
179.0 83.5
172.5 88.0
179.0 92.5
185.25 101.25
198.0 115.25
206.5 129.0
170.0 138.0
181.5 140.5
188.25 140.75
186.0 139.25
182.75 134.0
139.25 94.25
150.5 84.0
157.5 84.25
160.0 93.5
155.0 98.0
147.5 97.75
172.0 96.5
174.75 89.0
178.25 90.5
174.0 96.5
176.75 101.0
175.25 100.0
162.5 166.0
172.0 161.5
181.5 158.25
184.5 159.5
185.75 156.75
183.5 156.25
177.25 158.5
172.25 164.5
177.75 163.25
180.25 162.25
178.25 160.75
172.25 165.25
178.0 164.25
180.25 163.0
179.25 161.75
169.5 169.0
176.5 169.25
179.5 169.5
180.75 167.0
179.0 163.75
