73.0 45.0 148.5 148.5
136.25 67.0
148.75 59.0
160.5 57.75
168.75 65.75
177.5 67.75
178.5 66.75
177.5 69.25
175.25 79.75
169.5 85.75
175.75 84.0
183.0 91.5
197.25 103.5
207.75 115.5
171.75 128.5
184.0 130.75
191.25 130.25
188.5 130.25
185.25 126.25
136.5 86.75
152.0 87.75
152.5 87.0
157.25 86.0
154.25 88.0
147.0 88.5
170.0 91.0
173.25 92.0
175.5 93.5
172.25 93.5
176.5 94.75
173.75 92.75
162.5 162.5
171.5 155.0
185.0 147.0
191.5 146.75
191.25 145.25
185.5 149.25
176.25 157.25
174.5 155.25
182.75 152.75
186.0 151.5
180.25 154.25
169.75 174.0
180.5 177.0
182.75 175.75
179.5 169.5
166.0 173.0
177.5 180.75
183.5 181.75
183.25 177.75
178.5 167.5
