54.0 22.0 173.0 173.0
118.5 61.5
131.75 52.75
145.0 50.5
156.25 58.25
170.0 60.75
172.75 60.25
175.0 64.0
176.25 76.0
172.5 83.25
166.75 76.25
174.0 82.75
188.5 92.75
199.5 103.75
162.5 120.25
176.5 122.0
185.0 121.5
184.5 122.5
183.5 120.0
121.0 81.0
130.75 69.75
140.5 70.25
146.5 80.0
139.5 83.25
130.0 83.25
166.0 85.5
168.25 78.5
175.0 81.25
173.5 89.5
175.0 91.5
171.0 89.25
160.0 151.0
169.5 145.0
180.25 140.75
185.25 142.75
187.25 140.5
187.5 142.25
184.75 148.5
172.0 149.25
179.0 148.0
183.0 147.75
183.75 148.75
172.0 150.25
179.5 149.0
183.0 148.75
184.0 149.25
169.25 154.0
178.25 154.25
182.75 155.25
185.5 153.5
185.25 152.25
