77.0 44.5 148.0 148.0
132.5 67.75
144.0 58.0
155.5 55.25
164.25 62.25
172.75 62.5
173.5 61.25
172.5 63.5
171.0 74.0
165.75 80.25
173.0 79.25
181.0 86.25
196.5 96.75
208.25 107.75
174.0 124.5
186.0 125.25
193.0 123.75
190.25 123.75
186.5 120.0
134.75 87.0
150.25 86.25
150.25 85.25
154.75 83.75
152.25 86.25
145.25 87.75
167.5 86.5
170.75 87.0
173.0 88.0
169.5 88.25
174.0 89.25
171.25 87.75
168.25 159.0
176.25 150.75
188.75 141.25
195.0 140.25
194.5 138.5
189.0 142.75
180.75 151.25
179.25 150.25
187.0 147.0
189.75 145.25
184.5 148.25
176.5 169.25
187.25 171.0
189.25 169.25
185.25 163.25
173.0 169.0
184.75 175.0
190.75 175.25
189.75 171.0
184.0 161.25
