96.5 61.5 141.5 141.5
139.75 77.75
153.0 68.75
165.0 67.0
172.75 74.25
181.25 73.5
182.5 71.0
181.25 71.5
177.75 80.25
171.5 84.75
178.25 91.75
184.75 100.25
198.0 114.25
207.0 127.5
171.0 138.25
182.5 139.75
189.25 139.25
186.75 137.5
183.5 131.75
138.5 96.75
149.25 86.0
156.5 85.25
159.25 93.75
154.25 99.25
146.75 100.0
171.5 95.0
173.75 87.0
177.25 87.75
173.25 93.75
176.25 98.5
174.75 98.0
164.5 166.0
173.75 161.0
183.0 157.25
186.0 158.0
187.25 155.0
185.0 154.0
179.0 155.75
174.25 163.75
179.75 162.0
182.0 160.5
180.0 158.5
174.25 164.5
179.75 163.0
182.0 161.5
181.0 159.75
171.75 168.25
178.75 168.0
181.5 168.0
182.5 165.0
180.75 161.5
