73.5 46.5 158.5 158.5
127.5 75.0
140.75 64.75
153.75 62.0
163.75 68.5
175.25 67.25
177.25 65.0
177.5 65.75
176.75 75.25
171.75 80.5
172.5 85.75
179.75 94.0
194.0 106.75
204.5 119.75
167.0 134.0
180.5 134.75
188.25 133.5
186.5 132.25
185.0 126.75
129.0 94.25
145.0 94.25
147.0 91.75
152.5 89.75
148.25 93.5
139.75 95.5
168.75 90.5
173.0 90.5
176.25 91.0
173.75 90.0
177.25 92.25
173.5 91.5
159.25 166.5
167.75 159.5
181.5 151.25
189.0 150.0
189.5 147.5
185.0 150.0
177.0 156.5
171.25 159.0
179.75 156.0
184.25 153.5
180.0 154.75
167.0 177.0
178.5 179.0
181.5 177.0
179.5 169.5
163.0 176.5
175.0 183.25
181.75 183.25
182.5 178.25
178.75 167.0
