90.0 57.0 151.5 151.5
125.25 77.75
140.25 69.0
154.25 67.25
164.75 74.75
178.5 74.0
181.5 71.75
183.25 72.0
182.5 81.25
177.5 85.75
172.25 93.0
178.25 102.25
190.5 117.25
199.0 131.75
159.5 141.0
173.5 143.25
182.0 143.25
181.25 141.25
181.5 135.0
125.25 97.0
141.25 98.75
145.0 96.0
151.25 94.5
145.5 98.25
135.75 99.5
170.25 96.5
175.0 96.75
179.0 97.5
177.5 95.75
179.75 99.0
175.25 98.0
148.25 171.75
157.5 166.0
172.5 160.0
180.5 159.5
182.0 157.0
178.5 158.5
170.75 163.25
161.5 166.0
170.5 164.25
176.5 162.0
173.0 162.25
155.25 183.0
166.75 186.75
171.0 184.75
170.75 176.75
151.25 182.0
162.5 190.25
170.0 191.25
172.25 186.0
171.0 174.25
