91.5 53.5 143.0 143.0
143.25 72.0
155.0 63.5
166.0 62.0
173.0 69.5
179.5 70.0
179.75 68.5
177.5 69.75
173.75 79.5
167.25 84.75
178.5 87.0
185.5 95.0
199.5 107.5
209.5 119.75
175.5 132.25
186.0 133.75
192.5 133.25
189.25 132.25
184.75 127.75
142.5 91.25
152.25 80.5
158.25 80.5
160.75 89.5
157.25 94.0
150.5 94.5
170.5 92.25
172.0 84.75
174.25 86.25
170.25 92.5
174.25 96.5
173.25 95.5
170.75 160.5
179.5 155.25
187.75 151.0
190.25 152.0
190.75 149.5
187.75 149.25
181.0 152.5
179.5 158.25
184.25 156.75
185.75 155.5
183.0 154.5
179.5 159.0
184.5 157.5
186.0 156.5
184.25 155.25
177.5 163.0
183.75 162.75
186.25 162.75
186.5 160.25
184.0 157.5
