72.0 26.0 167.5 167.5
129.5 59.5
140.5 51.0
152.0 49.5
161.25 57.25
170.25 60.25
171.25 60.25
170.75 64.25
170.0 76.0
165.25 83.5
170.75 74.5
178.75 80.5
194.75 89.25
207.0 99.0
173.0 116.25
185.5 117.5
192.75 116.75
190.25 118.25
186.75 116.5
132.0 78.75
147.5 78.0
148.0 78.75
152.75 78.25
150.0 79.0
142.75 79.25
166.25 84.75
169.75 86.0
172.25 88.0
169.25 89.5
173.5 89.0
170.25 86.5
168.75 152.0
176.5 143.25
189.0 133.5
195.75 133.25
195.25 132.5
190.5 139.0
182.5 149.5
180.0 143.5
187.75 140.25
191.0 140.0
186.0 145.0
178.0 163.25
189.25 165.75
191.75 165.0
187.5 160.75
174.0 162.5
186.75 169.5
193.25 170.75
192.5 167.75
186.25 159.25
