80.0 51.0 158.0 158.0
142.25 72.25
155.5 64.75
167.25 64.5
174.5 73.0
182.75 74.5
183.75 73.25
182.25 74.75
178.5 84.5
172.0 89.25
179.25 91.25
185.5 99.75
198.25 113.75
207.0 127.0
170.75 136.0
182.0 139.0
189.0 139.25
186.25 138.25
183.0 133.5
140.25 91.5
151.25 81.75
158.25 82.25
160.5 91.75
155.5 96.0
148.25 95.25
172.0 96.25
174.5 89.0
177.75 91.0
173.5 97.25
176.5 101.25
175.0 99.75
163.25 164.25
172.75 159.75
182.25 156.75
185.0 158.25
186.25 155.75
184.0 155.5
177.5 158.5
173.0 163.25
178.5 162.25
180.75 161.25
178.75 160.25
173.0 164.0
178.75 163.25
180.75 162.25
179.75 161.25
170.5 167.5
177.25 168.25
180.0 168.75
181.25 166.25
179.25 163.5
