75.5 45.0 152.5 152.5
127.5 73.25
142.0 67.0
157.75 68.25
168.0 75.25
183.0 76.5
186.0 75.25
186.75 75.75
184.5 85.0
179.25 89.5
177.0 91.75
181.0 99.5
189.0 112.5
195.25 127.5
157.5 133.5
170.75 137.25
178.25 138.25
178.25 137.25
178.0 132.5
124.75 92.0
138.75 82.5
149.5 83.5
154.75 93.25
145.75 96.75
135.0 96.0
173.75 98.0
177.25 90.25
182.5 91.75
178.5 98.0
180.75 102.5
177.75 101.25
148.0 164.25
159.0 158.75
171.0 155.25
176.75 157.0
179.25 154.0
179.5 154.75
175.25 159.25
162.0 163.75
170.75 162.75
175.5 162.0
175.5 161.0
162.25 164.75
171.25 164.0
175.75 163.25
176.5 162.25
159.0 169.0
170.0 170.75
176.0 171.75
178.75 169.0
177.25 165.5
