43.5 33.5 185.0 185.0
119.0 73.75
133.0 66.5
149.75 66.5
161.5 72.75
178.75 72.5
182.5 71.0
184.5 71.5
184.0 80.75
179.75 85.75
172.5 88.5
176.5 96.5
185.0 109.25
191.75 124.25
153.25 132.5
168.0 135.5
176.25 135.75
176.75 134.75
178.25 129.75
118.0 92.75
136.5 94.25
142.0 92.75
149.5 91.75
141.75 94.25
130.25 95.0
171.5 95.25
176.75 95.5
181.0 96.5
179.0 95.25
181.75 97.75
177.0 96.5
141.75 167.25
151.5 159.5
167.5 152.0
177.75 152.0
180.0 149.5
178.0 153.0
170.75 161.0
157.5 161.0
168.75 159.0
176.5 157.25
174.0 158.75
151.75 179.5
166.0 183.5
172.0 181.75
172.5 174.25
147.5 179.25
162.25 188.75
172.25 190.25
175.25 185.0
173.25 172.5
