62.5 36.0 168.5 168.5
130.25 75.25
143.0 67.0
158.0 66.0
167.75 71.25
179.5 69.75
181.0 67.75
180.25 68.0
177.75 76.75
172.25 81.75
177.25 85.75
182.5 93.0
192.75 104.5
201.25 118.5
165.75 129.75
178.25 131.0
185.25 130.75
184.0 129.5
181.75 124.5
129.5 94.25
141.75 82.75
151.25 82.0
156.5 90.75
149.75 95.75
140.0 96.75
172.25 91.75
174.0 83.5
177.75 84.0
173.75 90.25
177.75 94.75
175.75 94.25
161.0 161.0
171.0 153.75
181.25 148.5
186.25 149.0
187.5 145.5
186.5 146.0
181.5 150.5
174.0 158.0
181.5 155.5
185.0 153.75
183.25 152.5
174.25 159.0
182.25 156.75
185.5 155.0
184.75 153.5
172.25 163.75
182.5 163.5
187.5 163.0
188.75 159.75
185.5 156.25
