65.0 47.5 165.5 165.5
118.5 77.75
133.5 71.5
150.75 72.75
162.25 79.75
181.0 80.0
185.75 78.0
188.5 77.75
187.75 86.25
183.5 90.25
172.25 96.25
175.25 104.75
182.0 119.0
186.75 135.25
147.75 138.75
162.5 143.0
170.75 144.0
172.0 142.5
175.0 136.75
116.25 96.25
134.25 99.75
140.75 98.0
148.5 97.5
140.0 99.75
128.0 100.0
172.25 101.25
177.75 101.75
182.25 102.5
181.25 100.5
182.75 104.25
177.75 102.75
133.75 171.0
143.5 165.0
160.0 159.25
170.5 160.25
173.75 157.5
172.25 159.75
165.0 166.0
149.5 167.0
160.75 166.0
169.5 164.75
167.75 164.75
142.25 184.0
156.0 189.25
162.5 187.75
164.75 179.5
138.0 183.25
151.5 194.0
161.5 196.25
165.75 191.0
166.0 177.75
