64.5 33.5 170.0 170.0
132.25 72.75
144.25 64.25
158.25 63.0
167.5 68.25
178.0 67.25
179.0 65.5
177.5 66.25
175.0 75.25
169.25 80.75
177.0 82.5
182.75 89.25
193.75 100.0
202.75 113.25
168.5 126.0
180.75 127.0
187.5 126.5
185.75 125.75
182.5 121.25
132.0 91.75
143.5 80.0
152.25 79.25
157.5 88.0
151.5 92.75
142.5 94.0
171.25 89.25
172.5 81.5
175.5 82.25
171.5 88.75
176.25 92.75
174.75 92.0
165.5 157.5
175.0 149.75
184.5 144.0
189.25 144.75
190.0 141.5
188.5 142.25
183.0 147.5
178.0 154.0
185.0 151.5
188.0 149.75
185.5 149.0
178.25 155.0
185.75 152.5
188.5 151.0
187.0 149.75
176.5 159.75
186.5 159.0
191.0 158.75
191.75 155.75
187.75 152.75
