49.0 27.0 185.0 185.0
125.0 72.0
139.5 65.75
155.75 67.0
166.25 74.25
182.25 75.75
185.75 74.75
186.75 75.5
185.0 85.0
180.25 89.75
175.75 90.75
179.5 98.75
187.5 111.5
193.5 126.75
155.5 132.75
169.0 136.5
177.0 137.5
177.25 136.75
177.5 132.25
122.5 90.75
136.5 81.25
147.5 82.5
153.0 92.5
143.5 95.75
132.75 95.0
173.25 97.5
177.0 90.0
182.75 91.75
179.0 98.0
181.0 102.5
177.5 101.0
145.75 163.5
157.0 158.0
169.25 154.75
175.25 156.75
178.0 153.75
178.75 154.75
175.0 159.5
160.25 163.25
169.25 162.5
174.25 161.75
175.0 161.25
160.5 164.25
169.75 163.75
174.75 163.25
175.75 162.25
157.0 168.5
168.25 170.5
174.5 171.5
177.75 169.0
176.75 165.5
