73.0 47.0 153.0 153.0
136.0 67.75
147.5 60.0
160.5 59.5
169.0 65.75
177.75 66.5
178.0 65.5
175.75 67.25
172.75 77.0
166.75 83.0
177.75 80.5
183.5 86.75
194.75 96.75
204.25 109.0
170.5 122.25
182.5 123.75
189.0 123.25
186.75 123.25
183.0 119.75
135.5 86.75
153.5 86.5
154.25 86.0
159.25 85.0
156.25 86.75
148.0 87.75
171.25 88.75
173.75 89.25
175.25 90.5
170.25 90.75
176.25 91.75
174.5 90.25
163.75 158.5
172.5 148.75
185.75 139.0
193.0 138.0
192.0 136.25
186.5 141.5
177.5 151.75
177.5 149.5
186.5 145.75
189.5 144.5
183.0 148.0
174.25 168.75
186.25 170.5
188.75 168.75
183.75 163.0
171.0 169.0
185.25 175.5
192.25 176.0
190.75 171.75
183.0 161.75
