69.5 37.5 166.5 166.5
137.25 73.5
149.0 65.5
162.5 64.75
171.0 70.5
180.25 69.5
180.75 67.75
178.5 68.25
175.0 77.25
168.75 82.25
179.25 84.75
184.5 91.75
195.25 103.0
204.0 116.0
169.5 128.0
181.5 129.25
188.0 128.75
185.75 127.75
182.5 123.25
136.0 92.25
154.0 92.5
155.0 90.75
160.25 89.5
156.75 92.25
148.5 93.75
172.5 91.25
175.25 91.25
176.75 92.0
172.0 91.25
177.75 93.25
175.75 92.25
160.75 163.0
169.75 154.0
183.5 144.75
191.0 143.5
190.25 141.0
184.75 145.0
175.25 153.75
174.75 154.75
184.0 151.25
187.5 149.0
181.0 151.0
170.5 173.25
182.25 174.75
185.0 172.75
180.75 165.75
167.25 173.5
181.0 180.25
188.0 180.25
187.0 175.25
180.25 164.25
