67.5 31.5 167.5 167.5
133.5 67.5
145.5 60.0
159.25 60.0
168.25 66.25
178.25 67.25
179.25 66.5
177.5 68.0
174.75 78.0
169.25 83.75
177.25 81.25
183.0 87.75
194.0 98.0
203.25 110.75
168.25 123.25
180.75 125.0
187.75 124.75
185.75 124.5
182.75 121.0
133.0 86.75
151.0 86.75
152.75 86.25
158.0 85.5
154.25 87.0
145.5 88.0
171.75 89.75
174.75 90.25
176.5 91.5
172.0 91.75
177.5 92.75
175.25 91.0
160.5 159.5
169.5 150.0
183.5 140.5
191.25 139.75
190.75 138.0
185.75 143.25
177.0 153.25
174.75 151.0
184.25 147.5
188.25 146.25
182.25 149.5
171.0 170.25
183.5 172.25
186.5 170.75
182.5 164.75
167.5 170.25
182.0 177.5
189.75 178.25
189.0 173.75
182.0 163.75
