77.5 43.0 162.0 162.0
146.0 76.5
158.25 70.0
171.0 70.5
177.75 77.0
185.25 77.0
185.25 75.25
182.5 75.25
177.25 83.25
170.25 87.5
183.25 92.0
187.75 99.5
197.25 111.75
204.25 125.5
170.25 133.25
180.75 135.75
186.75 136.0
184.5 134.75
180.75 129.75
142.0 95.0
155.0 85.25
162.25 85.5
164.75 94.5
159.75 98.75
151.75 98.75
174.5 97.0
176.25 89.5
177.5 90.25
172.25 95.75
177.0 100.75
176.75 100.0
163.0 163.25
172.75 157.0
182.25 152.75
185.75 153.75
186.25 150.5
183.5 150.75
176.25 154.75
174.5 161.25
181.0 159.5
183.0 158.0
179.5 156.75
174.75 162.25
181.5 160.75
183.5 159.25
181.25 157.75
172.75 166.75
181.75 167.25
185.25 167.25
185.5 164.25
181.0 160.5
