90.5 45.0 150.0 150.0
132.0 72.75
144.0 64.25
158.0 62.75
167.25 68.0
177.75 66.75
178.5 65.0
177.0 65.75
174.5 74.75
168.75 80.25
176.75 82.0
182.5 88.75
193.75 99.5
203.0 112.5
168.75 125.75
181.0 126.5
187.75 126.0
186.0 125.0
182.5 120.75
132.0 91.75
143.5 80.0
152.0 79.0
157.25 87.75
151.5 92.5
142.5 93.75
171.0 88.75
172.25 81.0
175.0 81.75
171.25 88.25
176.0 92.25
174.5 91.5
166.25 157.0
175.5 149.25
185.0 143.5
189.5 144.0
190.25 140.75
188.75 141.5
183.25 147.0
178.5 153.5
185.5 150.75
188.25 149.0
186.0 148.25
178.75 154.25
186.25 151.75
189.0 150.25
187.5 149.25
177.25 159.25
187.0 158.25
191.5 158.0
192.25 155.0
188.25 152.0
