64.5 29.5 170.0 170.0
111.5 67.0
124.0 58.0
140.25 55.75
152.5 61.0
169.75 60.5
173.25 59.5
175.5 61.5
177.0 72.25
174.0 79.0
166.25 75.25
171.75 81.25
182.25 91.0
191.5 103.5
156.0 119.5
170.5 120.25
178.75 119.75
179.5 119.75
179.5 116.5
113.5 85.75
124.75 73.5
136.25 72.75
144.5 81.75
135.25 86.25
124.25 87.25
167.0 84.5
169.25 77.0
175.75 78.5
174.25 86.25
176.75 89.0
172.25 87.5
153.75 152.25
163.5 144.0
175.25 138.0
182.0 139.25
184.5 136.0
186.25 138.25
184.5 145.5
168.25 148.75
177.5 146.25
182.75 145.25
184.25 146.0
168.75 149.75
178.0 147.5
183.5 146.5
185.0 146.25
166.25 154.5
178.25 154.0
185.0 154.25
188.25 151.75
187.0 150.0
