78.5 50.5 164.5 164.5
149.0 79.25
160.25 75.5
172.75 79.25
178.0 83.25
186.5 80.5
187.25 81.0
186.5 78.25
182.75 81.0
173.5 85.0
183.75 90.75
188.75 99.0
198.5 112.5
206.0 126.5
170.0 134.75
182.0 136.25
188.75 136.25
185.25 134.5
181.25 128.5
139.5 97.25
155.75 99.0
154.75 96.0
158.75 93.75
157.0 98.25
150.5 100.0
170.25 94.5
173.75 95.25
176.5 96.0
173.75 94.5
177.25 97.5
174.0 96.25
152.5 168.25
164.75 160.5
180.5 152.5
187.25 151.5
187.0 148.75
180.75 150.0
169.5 156.0
169.0 160.0
178.5 157.0
181.75 154.25
175.25 154.25
162.75 177.0
174.0 179.0
176.75 176.25
173.25 168.25
158.75 176.75
171.5 183.5
178.0 183.0
177.75 177.5
172.5 165.75
