71.0 42.5 163.0 163.0
148.75 74.25
159.75 71.0
172.25 75.5
177.5 79.75
185.75 78.5
186.25 79.5
185.25 77.75
181.75 81.25
172.75 86.0
183.25 88.0
188.5 96.0
198.75 109.0
206.5 122.75
171.25 131.25
183.0 133.25
189.5 133.5
186.25 132.0
181.25 127.25
139.5 93.0
152.75 83.75
158.25 84.25
158.75 91.0
155.25 96.5
148.0 96.75
169.75 93.25
173.5 87.25
177.75 88.5
173.0 94.0
175.0 98.25
172.75 97.0
159.75 162.0
172.0 155.5
182.75 151.0
186.25 152.0
187.25 148.75
184.75 148.25
177.0 152.0
173.5 158.25
180.25 156.5
182.75 154.75
179.75 153.5
173.5 159.25
180.75 157.25
183.0 155.75
181.25 154.25
170.75 163.25
180.25 163.0
184.0 162.25
184.5 159.5
181.0 156.25
