61.5 39.5 175.0 175.0
124.25 73.5
137.25 69.5
154.5 73.0
163.5 77.25
179.75 75.25
183.0 76.25
186.75 74.5
186.75 78.25
180.75 83.5
173.5 85.5
178.75 93.75
189.0 107.75
196.75 122.25
157.0 131.5
172.25 133.75
181.25 133.75
180.0 132.5
179.5 127.25
119.0 93.0
136.75 94.25
140.0 92.0
146.25 89.75
140.75 93.75
130.75 95.0
167.0 91.75
172.75 92.75
178.0 94.0
178.0 92.75
178.75 95.25
172.75 93.75
140.5 166.75
152.5 159.0
170.0 150.75
179.75 150.5
182.25 148.0
180.0 150.25
172.25 157.5
158.5 158.75
170.0 156.0
177.5 153.75
175.0 155.0
153.25 177.0
167.75 180.0
173.25 178.0
173.75 170.0
148.25 176.25
163.75 184.5
173.5 184.75
176.0 179.75
174.0 167.5
