43.0 16.5 186.5 186.5
117.25 58.0
129.25 53.75
146.25 57.0
156.25 62.0
172.5 63.0
176.25 65.25
180.25 66.75
181.5 73.25
177.0 82.0
167.25 70.5
173.25 76.75
185.0 86.75
194.75 98.25
156.25 113.5
172.25 115.0
181.5 114.75
180.75 116.0
180.25 114.5
114.25 79.0
131.75 78.5
135.25 79.25
141.25 78.0
135.75 79.5
125.75 79.75
163.25 83.5
169.0 85.0
174.75 87.0
175.0 88.25
175.5 88.0
169.0 85.5
144.0 152.75
155.5 142.0
172.25 131.5
182.75 131.5
185.0 130.75
184.0 137.5
178.0 149.75
161.75 142.0
173.25 138.25
181.25 138.25
179.75 143.75
158.75 162.5
174.75 165.5
181.0 164.75
180.75 160.0
153.5 162.0
171.0 169.5
181.75 170.5
184.25 167.5
181.0 158.5
