65.0 38.0 172.0 172.0
145.25 71.0
156.5 68.0
169.5 72.5
175.5 77.5
184.5 77.0
185.5 78.25
185.25 77.0
182.0 81.25
173.5 86.5
181.75 86.0
187.25 93.75
197.75 106.75
206.0 120.25
169.5 129.0
182.0 131.5
189.25 131.5
186.0 130.75
181.75 126.25
136.5 90.25
153.25 92.25
152.5 90.75
157.0 89.0
154.75 92.25
147.75 92.75
169.5 92.5
173.0 93.75
176.25 95.25
173.75 94.75
177.0 96.75
173.25 94.75
152.75 164.25
165.0 156.0
181.0 147.75
188.25 147.5
188.25 145.25
182.5 148.25
171.75 156.0
169.75 155.75
179.5 153.0
183.25 151.25
177.0 153.0
164.0 174.0
176.0 176.5
179.0 174.75
175.75 167.5
159.75 173.25
173.5 180.75
180.5 181.0
180.25 176.5
175.0 165.5
