72.0 42.5 152.5 152.5
125.5 73.25
137.5 68.0
154.25 70.25
163.0 73.5
177.25 70.25
180.25 70.75
182.75 69.0
182.25 72.75
176.0 78.75
173.0 80.75
179.25 88.5
191.0 101.0
200.25 114.5
162.75 127.5
177.0 128.25
185.5 127.5
183.75 126.25
181.0 121.5
121.25 93.0
133.75 82.0
142.5 81.0
146.5 87.75
140.75 94.0
131.25 95.5
165.5 87.5
169.5 80.75
177.25 81.0
174.5 87.25
175.0 91.5
170.5 90.75
153.25 160.25
165.75 152.5
178.5 146.75
184.0 147.25
186.25 143.75
186.75 143.25
182.25 147.25
169.25 155.25
178.0 152.5
182.5 150.5
182.75 148.75
169.5 156.0
178.5 153.25
182.75 151.25
183.5 149.5
166.25 160.5
178.0 159.25
183.5 158.25
186.0 155.25
184.5 151.75
