69.0 36.0 170.0 170.0
146.5 66.0
156.75 62.25
168.75 66.75
174.25 71.5
181.25 71.5
181.75 73.25
180.0 73.0
176.5 77.75
168.0 84.25
180.25 80.0
186.25 87.0
198.0 98.25
207.5 110.5
173.75 122.25
185.5 123.75
192.0 123.5
188.25 123.5
182.75 120.25
139.25 86.0
155.0 86.75
153.5 86.0
156.75 84.5
156.0 87.0
150.25 87.75
167.25 88.5
170.25 90.0
173.0 91.5
170.0 91.5
174.0 92.75
170.75 90.75
161.0 159.0
172.25 149.25
186.5 139.75
193.0 139.25
192.25 137.5
185.75 142.0
175.0 151.25
176.25 149.0
185.25 145.5
187.75 144.0
180.75 147.25
172.5 167.75
184.0 169.5
186.0 168.0
181.0 162.0
168.5 167.25
182.25 173.75
188.75 173.75
187.0 169.75
179.75 160.25
