56.0 32.5 172.0 172.0
118.5 67.5
131.25 63.0
148.75 66.25
158.75 70.75
175.75 69.5
179.5 71.0
184.0 70.25
185.0 75.25
180.0 82.0
169.75 79.0
175.25 86.5
186.0 99.0
194.5 113.0
156.0 124.75
171.0 126.5
180.25 126.75
179.5 126.0
178.75 122.25
114.75 87.75
127.75 77.0
137.75 77.5
142.5 85.0
135.25 90.25
124.75 90.5
164.75 87.75
169.75 81.5
178.75 82.75
176.75 89.75
176.0 93.25
170.25 91.5
144.25 157.75
157.5 150.5
171.5 145.5
178.25 147.25
181.25 144.0
183.25 144.75
180.5 150.0
161.75 154.0
171.5 152.0
177.25 151.0
179.25 150.75
162.0 154.75
172.0 153.0
177.5 152.0
179.5 151.25
158.0 159.0
170.75 159.0
177.25 158.75
181.0 156.5
181.0 153.75
