93.5 55.5 149.5 149.5
136.25 79.5
149.0 76.0
164.25 80.0
171.75 84.25
185.0 81.5
187.25 82.0
189.25 79.5
187.5 82.25
179.75 86.0
179.75 92.25
184.5 100.75
193.75 115.25
200.75 130.25
161.75 136.75
175.75 139.25
183.75 139.5
181.75 137.5
180.0 131.25
128.25 97.75
145.5 99.75
147.25 96.75
152.75 94.5
148.5 99.0
139.75 100.5
170.0 95.75
174.5 96.75
179.0 97.5
177.75 95.75
179.5 99.0
174.5 97.75
143.0 170.0
155.75 163.0
173.0 155.75
181.5 155.5
183.0 152.5
179.0 153.5
169.25 159.0
161.0 162.75
171.75 160.5
177.75 157.75
173.5 157.5
154.25 179.75
167.5 182.75
171.75 180.25
171.0 171.75
150.0 179.0
163.75 187.0
172.25 187.0
173.75 181.5
171.0 169.0
