84.5 36.5 162.0 162.0
128.75 69.75
140.75 64.75
156.5 67.25
164.75 71.0
177.5 68.75
180.0 69.75
181.5 68.5
180.5 72.75
174.0 79.25
174.0 78.5
180.5 85.75
192.5 97.5
202.25 110.5
165.5 124.0
179.25 124.75
187.5 124.25
185.25 123.5
181.75 119.5
124.25 89.75
136.75 78.75
144.75 78.5
148.25 85.25
143.25 91.25
134.25 92.25
165.5 86.5
169.25 80.0
176.0 80.5
173.25 87.25
174.5 91.0
170.25 89.75
157.0 157.0
169.25 149.0
181.5 143.0
186.5 144.0
188.5 140.75
188.0 140.75
183.0 145.75
172.5 152.0
180.75 149.25
184.75 147.5
184.25 146.75
172.75 152.75
181.25 150.25
185.0 148.5
185.0 147.25
169.75 157.25
181.0 156.0
186.25 155.25
188.0 152.5
186.0 149.75
