105.5 45.0 137.0 137.0
140.25 65.25
150.5 60.75
163.75 64.0
170.0 68.25
178.0 67.5
179.0 69.0
178.0 68.75
175.25 73.75
167.5 80.75
177.25 76.25
183.75 82.75
196.25 93.5
206.75 105.5
173.25 119.5
185.25 120.0
192.0 119.5
188.5 119.5
183.0 116.5
134.5 85.75
146.0 74.75
151.75 75.25
153.5 82.75
150.75 87.75
143.75 88.25
165.25 85.5
168.0 79.5
172.5 80.75
169.0 87.5
171.75 90.5
169.0 89.0
167.25 152.0
178.25 143.5
188.5 137.5
192.25 138.75
192.75 135.75
190.25 136.75
183.5 142.75
180.5 146.5
187.25 144.0
189.5 142.75
186.5 143.0
180.75 147.25
187.75 144.75
189.75 143.5
188.0 143.25
178.5 151.75
188.25 150.25
192.0 149.75
192.25 147.5
188.25 145.75
