77.0 48.5 157.5 157.5
148.5 73.75
160.25 68.25
171.5 69.0
176.5 75.25
182.75 74.0
184.0 71.25
182.75 70.25
178.0 75.0
169.75 80.0
178.0 91.25
182.0 99.5
190.25 111.75
198.25 126.0
168.0 136.25
178.0 136.5
183.75 136.0
182.0 133.75
179.75 129.0
142.0 94.75
155.0 85.5
161.25 85.5
162.25 94.25
157.75 98.75
151.0 99.0
171.25 94.25
174.25 85.75
176.5 84.75
170.75 89.5
174.75 95.5
173.75 96.0
165.0 162.0
173.0 155.75
180.75 151.25
184.0 151.5
184.75 148.0
182.5 147.75
178.0 151.0
174.25 158.0
179.25 155.5
181.25 153.5
179.0 152.5
174.25 158.75
179.5 156.25
181.5 154.25
180.0 153.25
172.5 162.75
179.25 161.25
182.25 160.25
182.75 157.25
180.25 155.25
