62.5 49.0 166.0 166.0
118.5 83.25
133.75 77.25
150.0 78.0
160.75 83.75
177.5 80.5
181.0 78.0
184.75 75.25
185.0 80.0
181.5 83.25
170.5 98.0
174.5 108.0
182.25 120.5
187.5 135.5
151.5 144.75
165.75 144.25
174.25 144.0
175.0 141.75
177.5 136.75
119.75 102.25
137.75 105.5
142.75 102.5
150.0 101.75
142.75 105.0
131.75 106.25
173.25 101.0
179.75 99.25
183.5 99.0
181.5 95.75
184.25 100.75
179.75 100.75
147.25 176.5
156.25 171.5
167.75 165.5
174.5 165.25
177.25 162.25
176.75 163.5
172.25 167.0
159.75 172.5
166.75 170.75
172.25 168.25
172.25 167.5
156.5 180.0
164.0 180.5
168.75 178.75
170.25 174.0
153.25 182.0
162.0 186.25
167.75 186.5
171.0 182.25
171.25 174.5
