63.0 41.5 170.0 170.0
140.25 77.75
153.0 71.5
165.5 72.5
172.5 78.0
181.0 76.0
181.75 74.0
180.5 72.5
176.5 78.0
171.0 82.0
178.5 92.0
183.5 100.75
192.5 111.75
199.25 125.0
168.25 137.25
179.0 136.0
185.0 135.25
183.0 133.75
181.0 129.75
140.5 97.0
158.0 98.75
158.5 96.5
163.25 96.0
160.5 98.5
152.75 100.0
175.5 96.25
178.75 94.75
180.0 94.75
175.0 92.75
180.75 96.25
179.25 96.0
165.25 169.75
173.25 163.25
182.75 156.0
187.25 155.5
187.5 152.75
184.25 155.0
177.5 159.75
175.5 164.0
180.75 161.75
183.0 159.25
180.0 159.5
172.25 172.25
178.0 172.0
180.0 170.0
178.75 166.25
170.25 174.5
177.5 177.5
181.0 177.5
181.5 173.5
178.75 166.75
