73.0 52.5 166.5 166.5
147.25 84.0
160.25 79.0
172.0 80.5
177.75 86.25
185.5 83.75
186.0 81.5
184.5 79.0
179.5 83.0
173.25 85.75
181.5 99.75
185.25 109.25
192.75 121.0
197.5 134.75
166.5 144.0
176.75 143.25
182.25 142.75
180.5 140.5
178.5 135.75
145.0 103.0
162.0 106.5
162.0 103.5
166.5 102.75
164.0 106.0
156.75 107.0
177.25 102.5
180.25 101.0
181.0 100.75
176.0 97.5
181.75 102.25
180.75 102.25
159.75 174.75
168.25 169.25
178.0 163.0
182.25 162.5
182.5 159.5
179.0 160.75
171.5 164.25
170.0 170.0
175.25 168.0
177.25 165.25
174.25 164.75
166.0 177.25
171.25 177.5
173.25 175.25
172.0 171.0
163.75 179.5
170.25 183.0
173.25 183.0
174.0 178.5
171.75 171.25
