60.0 51.5 163.5 163.5
134.0 80.75
148.0 75.75
163.0 76.5
171.0 82.75
183.25 80.25
187.0 77.25
189.0 75.0
186.75 78.75
180.0 82.25
174.25 98.5
177.5 107.75
184.0 121.5
190.0 137.5
155.5 144.25
168.0 145.25
175.75 145.25
176.25 142.25
177.25 136.25
128.0 100.75
142.75 92.5
152.25 92.25
155.25 100.5
147.25 105.25
138.0 105.5
171.75 99.5
176.75 91.0
182.25 89.25
177.75 93.0
179.25 100.25
176.0 101.25
150.5 169.25
160.0 164.0
169.5 160.5
174.75 160.75
177.0 157.0
177.25 156.0
174.75 158.0
162.0 166.25
168.75 164.25
173.0 162.0
173.25 160.25
162.25 167.0
169.25 165.0
173.25 163.0
173.75 161.25
159.25 171.0
167.5 170.25
172.25 169.25
175.25 166.0
174.5 163.0
