56.5 34.0 171.0 171.0
121.0 70.25
134.75 63.5
149.75 63.75
160.25 69.75
173.75 68.5
176.0 67.25
178.0 67.0
177.75 74.25
174.25 79.5
170.5 84.25
176.25 92.5
186.0 102.75
194.0 115.75
160.25 130.5
173.75 129.25
181.5 128.5
181.25 127.75
181.75 125.25
124.0 89.75
142.5 90.25
145.75 89.0
152.25 88.75
146.5 90.25
136.75 91.5
172.25 90.5
177.25 89.5
180.25 90.0
177.0 89.25
181.25 91.25
177.5 90.5
160.75 165.0
169.0 158.0
179.25 150.0
185.5 149.75
187.25 147.5
186.0 151.0
181.25 157.5
172.25 159.25
178.75 156.75
183.0 155.0
182.25 156.25
170.0 168.25
177.5 168.5
181.25 167.0
181.25 163.5
167.5 170.5
176.5 174.0
182.0 174.5
183.75 170.75
182.0 164.25
