63.5 45.0 166.5 166.5
127.0 76.5
142.0 71.75
157.25 74.0
166.75 80.75
181.0 80.25
183.75 78.5
185.75 77.5
184.75 83.25
180.25 87.0
174.5 96.25
178.5 105.75
186.0 118.25
191.0 132.75
155.25 141.25
169.0 141.75
176.75 142.0
176.75 140.5
178.25 136.75
126.75 96.0
144.75 100.0
148.5 98.0
155.25 98.25
149.0 100.25
138.75 100.25
175.25 101.0
180.75 100.25
183.75 100.75
181.0 98.25
184.5 102.25
180.75 101.5
149.5 174.25
158.75 168.75
170.25 163.0
176.5 163.5
178.75 160.75
177.25 163.0
171.75 167.5
162.0 170.25
168.5 168.75
173.5 167.25
172.5 167.25
158.25 178.25
165.25 179.25
169.5 178.0
170.25 174.0
155.25 180.0
163.5 184.75
168.5 185.75
171.25 182.0
171.0 174.75
