63.0 50.5 170.0 170.0
153.75 81.0
166.25 77.0
177.5 78.75
181.5 85.5
188.25 84.0
190.0 81.25
189.0 79.25
183.75 82.75
174.75 85.75
180.75 100.75
183.25 109.75
189.5 123.0
194.75 138.25
163.5 144.25
173.25 145.5
179.25 145.5
177.75 142.75
176.5 137.25
144.0 100.5
158.5 93.25
164.75 93.25
164.5 101.75
159.25 106.0
152.5 105.75
173.5 101.75
178.0 93.75
180.5 92.5
174.0 95.75
177.0 102.75
176.0 103.5
156.75 168.75
165.5 163.5
173.75 160.25
177.0 160.5
178.25 157.0
176.25 156.25
171.25 158.25
166.25 165.75
171.75 164.0
174.0 161.75
172.0 160.25
166.25 166.5
171.75 164.75
174.0 162.75
173.0 161.25
164.0 170.25
170.75 169.75
174.0 168.75
175.0 165.75
172.75 163.0
