63.0 42.0 170.0 170.0
122.75 72.5
137.25 66.75
152.5 67.75
162.5 74.0
176.75 73.0
179.25 71.75
181.5 71.0
181.0 77.75
177.25 82.5
172.0 89.0
177.0 98.0
185.75 109.0
192.75 123.0
157.75 135.0
171.5 134.5
179.5 134.25
179.5 133.25
180.5 130.0
124.5 92.25
143.0 94.0
146.5 92.5
153.25 92.5
147.0 94.25
137.0 95.0
173.5 94.75
179.0 93.75
182.0 94.25
179.0 93.0
183.0 95.75
179.25 95.0
155.75 169.25
164.25 162.75
175.25 155.75
181.75 155.75
183.5 153.5
182.5 156.5
177.5 162.0
167.75 164.25
174.25 162.0
179.0 160.5
178.25 161.25
164.75 172.75
172.25 173.5
176.25 172.0
176.75 168.5
162.0 175.0
170.75 179.0
176.25 179.75
178.5 176.0
177.5 169.0
