50.5 30.0 175.5 175.5
113.0 66.5
126.75 59.5
142.5 59.5
154.0 65.25
169.75 64.75
172.75 64.0
176.0 64.75
177.75 73.0
175.25 78.75
166.0 80.0
171.75 88.0
181.5 97.5
189.75 110.25
155.25 126.0
170.0 124.75
178.25 124.25
179.0 124.0
181.0 122.25
116.75 85.5
135.0 85.25
139.5 84.75
146.5 84.5
139.75 85.75
129.0 86.75
169.75 87.5
175.75 86.75
179.75 87.75
177.25 87.75
180.5 89.0
176.0 87.75
157.0 161.5
165.25 154.0
176.0 145.75
183.0 146.0
185.25 143.75
185.25 148.0
181.75 155.5
169.25 155.5
176.0 153.0
181.5 152.0
181.75 153.75
167.25 165.0
175.5 165.5
180.25 164.25
181.0 161.5
164.5 167.25
174.25 171.0
180.5 172.0
183.25 168.5
182.25 162.5
