68.0 45.5 160.5 160.5
139.5 68.0
152.5 64.0
166.0 66.25
173.0 74.25
183.25 75.25
185.75 73.5
186.75 73.75
183.75 79.75
176.5 85.25
175.75 91.75
179.25 100.5
186.75 113.0
193.75 128.25
160.0 135.75
172.0 137.75
179.25 138.25
178.75 136.75
178.75 133.0
133.0 89.5
147.25 81.25
155.75 83.0
157.75 93.0
151.0 95.75
142.5 94.5
171.75 96.25
176.0 88.5
180.5 89.0
175.5 94.0
177.75 99.5
175.5 99.0
155.5 162.25
164.75 156.75
174.0 153.5
178.75 154.75
180.5 151.75
180.0 152.25
176.5 156.5
166.75 160.0
173.0 158.5
176.5 157.25
176.0 157.25
166.75 160.75
173.5 159.25
176.75 158.0
176.75 157.75
164.25 164.5
172.25 164.25
176.75 164.0
178.75 161.75
177.25 160.25
