65.5 39.5 172.5 172.5
138.5 76.5
150.75 69.75
163.0 69.75
170.5 75.0
178.5 72.25
179.0 70.5
177.5 69.0
174.0 74.75
168.75 79.0
177.25 88.5
182.75 97.0
192.25 107.25
200.0 120.0
170.0 134.25
180.5 132.25
186.5 131.25
184.5 129.75
182.0 126.0
140.0 95.75
157.5 96.5
157.75 94.25
162.25 93.25
159.75 96.0
152.5 98.0
174.25 92.75
177.25 91.25
178.5 91.25
173.25 89.5
179.5 92.5
178.0 92.5
169.25 166.75
176.75 159.75
185.75 151.75
190.0 151.0
190.0 148.25
187.0 150.75
180.5 156.0
179.0 160.5
184.0 157.75
186.0 155.25
183.0 155.5
176.25 168.75
182.0 168.25
183.75 166.25
182.25 162.5
174.5 171.25
182.0 173.75
185.25 173.5
185.5 169.5
182.25 163.0
