71.0 43.0 162.0 162.0
139.5 68.25
151.5 62.5
164.0 63.0
170.75 69.75
179.25 69.25
181.0 67.0
180.75 66.75
177.5 72.75
170.25 78.75
174.75 86.5
179.25 94.5
188.25 106.25
197.25 120.25
166.0 131.75
177.0 132.0
183.75 131.5
182.5 130.0
181.0 126.0
135.0 90.0
147.75 80.25
155.25 80.5
157.75 90.0
152.5 93.75
144.75 94.0
169.75 91.0
172.75 82.75
176.0 82.25
171.0 87.5
174.75 93.0
173.25 93.0
164.75 158.5
172.75 151.75
181.0 147.25
185.25 147.75
186.0 144.5
184.75 144.75
181.25 149.0
174.75 154.5
180.25 152.0
182.75 150.25
181.5 150.0
174.75 155.25
180.75 152.75
183.25 151.0
182.5 150.5
173.0 159.25
180.5 157.75
184.0 157.0
185.25 154.25
183.0 153.0
