94.5 44.0 130.0 130.0
124.25 56.0
137.0 51.0
151.75 52.75
161.0 60.75
173.75 63.25
177.0 62.25
179.5 64.5
179.0 73.0
174.0 81.25
168.25 78.75
173.0 86.0
182.0 96.25
191.5 109.5
157.75 121.75
171.25 123.25
179.25 123.5
179.75 123.5
180.75 122.0
122.25 78.75
135.0 69.0
145.0 71.0
149.75 81.75
142.0 83.75
132.5 82.5
167.25 87.25
170.75 79.5
176.5 81.25
173.25 88.25
175.75 91.5
172.25 90.0
157.5 149.75
166.5 143.0
176.25 139.0
182.0 140.75
184.0 138.25
184.75 140.5
183.25 147.5
169.75 146.75
176.75 145.25
181.0 144.75
181.75 146.75
170.0 147.5
177.25 146.0
181.25 145.5
182.25 146.75
167.5 151.5
176.25 150.5
181.75 151.0
184.5 149.75
183.75 149.75
