73.0 45.0 166.5 166.5
127.25 77.5
141.5 71.25
156.0 71.75
165.5 77.25
178.5 75.0
180.5 73.0
181.75 71.5
180.25 77.25
176.0 81.25
174.0 91.5
179.25 100.75
188.0 112.0
194.75 126.0
160.75 138.25
173.75 137.0
181.25 136.5
180.75 134.75
180.75 130.75
128.75 97.0
147.0 98.75
149.75 96.5
156.0 95.75
150.75 98.5
141.25 99.75
174.5 96.0
179.25 94.5
181.75 94.5
178.25 92.25
182.75 96.0
179.5 95.75
158.5 171.25
167.0 164.75
177.5 157.75
183.5 157.25
184.75 154.5
183.0 156.75
177.5 161.5
170.0 166.0
176.25 163.5
180.25 161.25
178.75 161.25
167.0 174.0
174.0 174.25
177.5 172.25
177.5 168.25
164.5 176.25
172.75 179.75
177.5 180.0
179.5 176.0
178.0 168.75
