85.5 45.0 154.5 154.5
137.0 59.5
149.5 55.25
162.5 58.0
169.75 66.25
179.25 69.0
181.5 68.0
182.25 69.75
179.75 77.25
172.75 84.25
174.0 84.5
178.25 92.25
187.0 103.5
195.5 117.25
163.0 127.0
175.0 129.0
182.0 129.5
181.25 129.25
180.5 127.0
132.25 81.75
145.5 73.0
153.75 75.25
156.5 86.0
150.5 88.0
142.0 86.25
170.0 91.5
173.5 84.0
177.5 85.5
172.75 91.75
176.0 95.75
173.75 94.5
161.0 154.25
169.75 148.25
178.75 144.5
183.25 146.25
184.75 144.0
184.0 145.75
180.75 151.5
172.0 152.0
178.0 150.5
181.25 150.0
180.5 151.25
172.0 152.75
178.5 151.25
181.5 150.75
181.25 151.25
169.75 156.5
177.75 156.0
182.0 156.25
183.75 154.75
182.0 154.25
