67.5 44.0 161.5 161.5
142.25 80.0
155.5 76.0
169.75 79.75
176.0 83.25
185.75 81.0
186.5 81.0
187.0 79.5
184.0 84.75
177.0 88.25
182.0 93.75
184.75 103.0
190.75 117.0
195.75 131.75
164.25 138.25
175.0 139.25
181.5 139.75
179.5 137.75
178.0 133.75
137.5 97.0
150.75 89.0
157.5 88.75
158.5 96.0
153.0 100.5
145.75 100.75
172.0 97.75
176.0 90.75
180.75 91.5
176.25 96.25
177.25 101.0
175.0 100.25
158.75 169.25
168.25 163.5
176.75 158.75
180.5 159.75
181.75 156.25
181.25 156.75
177.0 160.0
169.5 166.75
175.0 165.0
177.75 163.5
177.0 162.0
169.5 167.5
175.25 166.0
178.0 164.75
177.75 163.0
167.0 171.75
175.0 173.0
179.0 172.75
180.25 169.75
178.25 165.5
