74.5 46.5 152.0 152.0
139.75 64.0
151.25 59.75
164.5 63.75
170.75 68.0
178.25 68.25
178.75 69.5
178.25 71.25
175.75 79.0
169.5 85.25
177.75 78.75
182.5 86.5
191.25 98.0
199.5 110.25
169.75 122.0
180.5 122.75
187.0 122.5
184.0 122.75
181.75 121.25
137.75 82.5
152.75 83.75
152.25 83.75
156.25 83.25
154.25 84.25
148.25 84.5
168.25 88.5
171.25 89.25
173.75 91.0
171.25 91.5
174.5 92.0
171.75 90.0
166.0 158.75
174.0 149.5
185.25 139.75
192.0 139.5
191.25 138.0
186.75 144.0
179.5 154.5
177.75 150.0
185.25 146.75
188.0 146.0
183.0 150.0
174.25 169.25
184.5 171.75
186.75 170.75
183.0 165.25
171.25 168.75
183.75 177.0
190.25 177.75
189.0 174.25
182.75 164.0
