72.5 45.5 157.5 157.5
141.5 79.0
154.0 73.75
168.0 76.0
174.25 79.0
182.75 75.5
183.25 75.5
183.25 74.0
180.25 79.25
173.5 83.25
180.75 88.5
184.25 97.5
191.5 110.75
198.25 124.75
167.0 134.75
178.0 134.5
184.5 134.25
182.0 132.5
180.25 128.25
138.0 96.5
153.5 97.75
153.25 94.75
158.0 93.0
155.25 96.5
148.75 98.5
170.5 93.5
173.75 93.25
176.5 93.5
174.0 92.0
177.25 95.0
174.25 94.25
159.75 169.0
168.25 161.0
180.5 152.25
187.25 151.0
187.0 148.0
182.5 151.25
174.75 158.5
172.25 161.0
179.75 158.0
183.25 155.25
178.25 156.25
166.75 178.5
176.5 180.25
179.0 178.0
176.5 170.25
163.75 178.5
175.0 186.0
181.5 185.75
181.0 180.25
176.5 168.25
