55.0 27.0 170.0 170.0
116.25 66.5
129.0 60.0
146.75 61.25
156.0 64.25
169.75 62.0
172.25 63.0
176.25 63.75
178.0 71.5
174.5 78.25
167.0 73.75
171.75 81.5
180.75 93.25
189.0 106.0
158.0 121.0
171.0 120.5
178.75 119.5
178.25 119.5
178.5 117.5
117.75 85.0
129.0 74.25
138.25 73.75
143.25 81.75
136.5 86.0
127.25 87.0
163.75 84.0
167.0 76.75
174.5 77.75
173.25 84.75
173.5 87.75
168.75 86.5
159.75 154.0
168.75 146.0
177.75 139.75
183.5 140.75
185.25 137.75
187.25 139.75
186.75 146.5
172.25 150.0
179.0 147.75
183.25 146.5
185.0 146.75
172.5 150.75
179.5 148.75
183.75 147.75
185.25 147.25
170.25 155.5
180.25 155.5
186.0 155.5
188.25 153.0
187.5 150.5
