69.0 46.5 165.5 165.5
145.5 82.25
158.0 77.0
171.25 79.5
177.0 82.25
184.75 78.5
185.0 78.25
184.5 76.0
180.75 80.75
173.5 84.25
182.5 91.5
185.75 100.75
192.5 114.25
198.5 128.25
167.5 137.25
178.0 137.25
184.5 136.75
181.5 135.0
179.75 130.25
141.25 99.0
156.25 100.5
155.75 97.25
160.0 95.5
157.5 99.25
151.5 101.5
171.5 95.5
174.5 95.0
176.75 95.25
174.0 93.5
177.5 96.75
174.75 96.0
159.0 170.75
167.75 163.25
180.0 154.75
186.5 153.5
186.0 150.25
181.0 153.0
172.75 159.5
171.25 163.0
178.75 160.25
181.75 157.25
176.5 157.75
165.25 180.0
174.5 181.75
177.0 179.25
174.25 171.25
162.5 180.0
173.0 187.25
179.25 187.0
178.5 181.5
174.25 169.25
