55.0 31.0 180.5 180.5
131.5 69.5
145.0 65.5
161.25 70.0
169.0 74.25
181.0 73.75
182.5 74.75
184.75 75.25
184.0 82.5
178.25 87.75
177.0 85.5
180.25 94.25
187.0 107.5
193.0 121.75
159.5 130.25
172.25 132.0
179.75 132.25
178.25 131.5
178.75 129.0
128.75 87.75
145.0 90.25
147.0 89.25
152.5 88.5
148.0 90.25
139.75 90.5
170.0 93.25
174.25 94.0
178.0 95.5
177.0 95.25
178.75 96.75
174.5 95.0
151.25 166.5
160.25 158.5
173.75 150.0
182.25 150.25
183.25 148.25
180.25 153.0
173.25 162.0
165.0 159.25
173.75 157.0
179.25 156.0
175.75 158.5
159.0 178.0
170.5 181.75
174.5 180.5
173.75 173.75
155.25 177.25
167.75 187.0
176.0 188.5
177.25 184.0
174.5 172.25
