71.5 41.0 159.5 159.5
124.25 71.0
138.0 65.75
155.0 68.75
163.75 72.5
177.25 70.75
179.5 71.5
182.75 71.5
183.25 78.5
178.5 84.0
173.25 83.0
176.75 91.75
184.0 105.0
190.75 119.25
158.0 129.5
170.75 130.25
178.25 130.5
177.5 129.5
178.0 126.75
123.25 89.0
135.75 79.75
144.75 79.75
148.5 87.75
141.5 92.0
132.5 92.25
168.0 90.75
172.0 83.75
179.0 85.0
176.5 91.25
176.5 94.75
172.25 93.75
155.5 162.25
165.25 155.5
174.75 150.25
180.0 151.75
182.0 148.5
183.25 150.0
181.5 155.25
168.0 159.5
174.5 157.75
178.75 156.75
180.25 156.25
168.0 160.5
175.0 159.0
179.25 158.0
180.25 157.0
165.5 164.75
175.0 166.0
180.25 166.0
182.75 163.5
182.0 160.0
