77.0 44.5 152.0 152.0
131.0 71.25
143.25 64.75
158.5 66.25
166.0 69.0
175.5 66.0
176.5 66.5
177.5 66.25
176.25 73.0
170.75 78.75
174.5 78.5
179.5 86.5
188.5 98.5
197.25 111.5
167.25 125.25
178.5 124.5
185.25 123.75
183.0 122.75
181.25 120.0
130.75 89.5
141.75 79.0
148.75 78.0
152.0 85.5
147.25 90.5
139.75 91.75
166.75 86.5
169.25 79.25
174.25 79.75
171.5 86.0
173.25 89.5
170.5 88.75
169.0 157.25
177.25 149.5
185.0 143.25
189.0 143.75
190.0 140.5
189.75 141.75
186.75 147.25
179.5 153.0
185.0 150.5
187.5 148.75
187.0 148.25
179.75 153.75
185.5 151.5
188.25 150.0
187.75 149.0
178.5 158.5
186.75 158.25
191.0 157.5
191.75 154.75
189.25 151.5
