76.5 42.5 151.0 151.0
136.75 62.25
148.25 57.5
162.0 61.5
168.5 65.75
176.5 66.25
177.25 67.75
177.0 69.75
175.25 77.75
169.25 84.5
176.25 76.25
181.25 83.75
190.25 95.0
199.0 107.0
169.75 119.5
180.25 120.0
186.75 119.75
184.25 120.25
181.5 119.25
135.5 80.75
146.25 71.5
152.5 72.75
154.75 81.25
150.75 84.25
144.0 83.75
167.25 87.0
169.5 80.75
173.75 83.0
170.5 90.0
172.75 92.0
170.5 90.0
171.75 151.0
179.75 143.75
187.0 138.25
190.75 140.0
191.25 137.5
190.5 140.25
186.75 147.25
181.75 148.0
186.75 146.25
189.0 145.75
187.75 147.0
182.0 149.0
187.25 147.5
189.5 147.0
188.5 147.25
180.75 153.0
188.75 153.5
192.75 154.0
193.0 152.5
189.75 150.5
