71.0 48.5 162.5 162.5
144.75 82.5
158.0 78.75
171.75 82.75
177.75 86.25
187.25 83.75
187.75 83.75
188.25 82.0
184.75 86.75
177.5 89.75
183.0 96.5
185.5 106.0
191.0 120.25
195.5 135.25
163.75 140.5
174.25 141.75
180.75 142.5
178.75 140.25
177.25 136.0
139.25 99.0
152.5 91.25
159.25 91.0
159.75 98.25
154.25 102.75
147.0 103.0
172.75 99.75
177.0 93.0
181.25 93.5
176.5 98.0
177.5 103.0
175.5 102.25
157.0 171.0
166.75 165.5
175.25 161.0
178.75 162.0
180.25 158.75
179.5 158.75
175.0 161.75
167.75 168.75
173.25 167.0
175.75 165.5
175.0 163.75
167.75 169.5
173.5 168.25
176.0 166.75
175.75 165.0
165.25 173.75
173.0 175.0
176.75 175.0
178.0 171.75
176.25 167.25
