77.0 45.0 154.5 154.5
125.75 63.5
137.25 57.0
152.75 58.5
160.5 61.5
170.0 60.0
171.25 61.25
172.5 62.5
172.5 70.75
167.75 78.0
170.25 71.0
175.75 78.0
185.75 88.5
195.75 99.75
166.5 116.25
178.5 115.25
185.25 114.0
183.25 114.5
181.75 113.0
127.25 82.0
143.0 80.75
143.5 80.5
148.25 79.0
145.25 81.0
138.25 82.25
164.0 82.0
167.75 82.25
171.0 83.5
169.5 84.25
172.0 84.25
168.25 83.0
168.0 153.5
174.75 143.25
185.25 131.75
192.75 130.25
192.5 128.75
190.0 135.25
185.0 146.75
179.0 143.0
186.5 138.75
190.5 137.5
187.25 142.0
178.25 163.0
189.75 164.25
192.75 162.75
189.25 157.5
174.75 163.0
189.0 169.5
196.75 169.25
196.0 165.75
189.25 156.0
