79.5 50.0 162.0 162.0
140.0 78.0
154.0 75.25
168.75 80.75
175.5 85.25
186.75 84.5
188.0 85.0
189.75 84.25
187.25 90.0
180.5 93.25
181.5 96.5
183.5 106.0
188.25 120.5
192.25 135.75
159.25 139.5
170.5 142.0
177.5 143.25
176.0 141.5
175.75 137.75
134.5 95.0
148.5 88.0
156.0 89.0
157.25 96.75
150.5 100.5
142.75 99.75
172.5 101.0
177.5 94.5
182.75 96.0
178.5 101.0
178.5 105.25
175.75 104.0
151.0 170.5
161.25 165.5
170.75 161.75
174.75 163.5
177.0 160.5
177.0 161.25
173.0 164.75
162.75 169.25
168.75 168.25
172.25 167.5
172.5 166.25
162.5 170.25
169.0 169.5
172.5 168.75
172.75 167.25
159.75 174.25
168.0 176.25
172.5 176.75
174.5 174.25
173.5 170.0
