68.5 29.0 166.0 166.0
137.5 62.0
147.5 56.25
160.25 59.0
166.25 62.5
172.25 62.0
172.5 63.5
171.25 65.25
169.0 73.25
163.0 80.25
174.0 72.25
179.5 79.0
189.75 89.25
199.75 100.25
173.0 115.5
183.0 114.75
189.0 113.75
185.75 114.5
182.25 113.5
137.5 80.5
152.0 80.0
150.5 80.25
154.25 79.0
153.0 80.5
147.75 81.0
164.5 83.25
167.25 83.75
169.25 85.25
166.25 86.25
170.25 86.25
167.75 84.5
174.5 151.75
180.75 141.75
190.25 130.75
196.25 129.5
194.75 128.25
190.5 135.0
184.25 146.25
184.5 141.75
191.0 137.75
192.75 136.75
187.75 141.5
183.5 161.0
193.25 162.25
195.0 161.0
189.5 156.5
180.75 161.25
193.75 167.25
199.75 167.25
197.25 164.0
189.0 155.25
