72.0 47.5 166.5 166.5
129.25 81.25
143.5 76.75
160.5 80.25
168.75 83.75
182.25 80.5
184.25 80.5
187.5 78.75
186.75 83.75
181.25 87.25
176.75 94.0
179.25 103.5
185.0 118.25
189.75 133.75
156.5 139.75
169.0 141.0
176.25 141.5
175.5 139.25
176.0 135.0
126.25 98.25
139.75 90.0
148.75 89.5
151.5 96.75
144.0 101.5
135.25 102.0
170.25 97.75
175.25 90.5
182.0 91.0
178.75 95.75
178.25 100.75
174.5 100.25
150.75 171.0
160.75 165.5
170.5 161.0
175.25 162.0
177.75 158.5
178.75 158.75
176.25 161.75
163.0 168.75
169.5 167.25
173.5 165.5
174.75 163.75
163.0 169.75
169.75 168.25
173.75 167.0
175.0 165.0
160.0 174.0
169.0 175.25
174.0 175.25
176.75 172.0
176.25 167.5
