84.0 38.0 146.5 146.5
120.75 65.75
134.0 59.75
151.0 62.25
160.0 65.75
173.0 64.5
175.25 65.5
178.5 66.5
179.5 74.5
175.5 81.25
170.25 76.0
174.5 83.75
183.0 95.75
191.0 108.75
159.5 122.25
172.25 122.25
179.75 121.75
179.0 121.75
179.0 120.0
121.25 84.0
133.0 74.0
141.75 74.25
146.0 82.5
139.5 86.25
130.75 86.75
165.75 86.0
169.0 79.0
176.0 80.5
174.25 87.5
174.5 90.25
170.25 88.75
159.75 155.0
169.0 147.5
178.0 141.75
183.5 143.0
185.25 140.25
186.75 142.5
185.5 149.0
172.0 151.75
178.75 149.75
182.75 148.75
184.0 149.25
172.25 152.5
179.25 150.75
183.25 150.0
184.5 149.75
170.0 157.0
179.75 157.5
185.25 157.75
187.5 155.5
186.5 153.0
