57.5 36.5 166.5 166.5
125.0 70.5
138.75 65.5
156.0 69.0
164.5 72.75
178.0 71.5
180.0 72.25
183.5 72.5
183.75 79.5
179.0 85.0
173.75 83.75
177.25 92.5
184.0 105.75
190.5 120.25
157.0 130.0
170.25 131.0
178.0 131.0
177.0 130.25
178.25 127.25
123.5 88.75
140.25 90.25
143.0 89.0
148.75 88.0
143.5 90.25
134.75 91.0
168.5 91.5
173.25 92.0
177.5 93.25
177.25 92.75
178.25 94.5
173.5 93.0
149.0 165.25
159.0 157.0
172.25 148.75
181.0 149.0
182.5 146.5
181.0 150.5
175.5 159.0
163.5 158.5
172.75 155.75
178.75 154.5
177.0 156.5
159.25 175.0
171.25 177.5
176.0 176.25
176.0 170.0
155.25 175.0
168.25 183.0
177.0 183.75
179.0 179.75
177.0 169.0
