71.0 47.5 158.5 158.5
144.75 71.75
155.5 66.75
166.5 67.75
172.5 76.0
180.25 76.5
181.25 74.0
181.0 73.5
178.0 80.0
172.5 84.0
177.5 94.5
180.75 103.0
187.75 115.25
194.25 128.25
170.0 139.25
178.5 139.75
183.5 139.0
182.25 138.0
180.75 134.0
139.25 92.25
152.75 82.5
160.25 83.5
162.0 95.0
157.75 97.75
149.25 97.0
173.25 97.25
176.25 87.75
178.75 87.5
173.75 93.25
178.0 98.75
176.5 98.75
166.0 166.75
174.5 159.75
182.25 155.0
185.25 155.5
186.0 152.75
184.25 153.5
178.75 157.5
175.0 163.0
179.75 161.0
181.5 159.75
179.5 159.0
175.0 164.0
180.0 162.0
181.5 161.0
180.25 159.75
172.75 168.5
179.5 168.25
182.0 168.5
182.5 165.75
180.25 162.5
