73.0 52.5 156.0 156.0
139.75 82.5
153.25 78.0
168.0 81.0
174.75 84.25
185.0 81.0
186.0 81.0
187.0 78.75
184.5 83.5
177.75 86.75
181.25 94.25
184.0 103.75
189.75 118.0
195.0 132.75
162.5 139.5
174.0 140.25
180.75 140.5
178.75 138.5
178.25 133.75
135.5 99.25
151.25 101.75
152.0 98.5
157.25 97.0
153.5 100.5
146.0 102.25
171.75 97.75
175.5 97.5
178.5 98.0
176.75 96.0
179.25 99.5
175.75 98.75
151.75 172.0
161.75 165.0
175.0 157.75
182.0 157.5
182.5 154.0
179.0 155.75
171.25 161.5
165.5 166.0
174.0 163.5
178.25 161.0
174.25 160.5
159.75 180.5
170.0 182.25
173.25 180.25
172.0 172.75
156.5 181.0
167.5 188.0
174.25 188.0
175.0 182.75
172.5 171.25
