66.0 52.0 163.5 163.5
121.75 86.25
136.5 81.25
154.5 84.0
163.75 86.75
179.5 82.5
182.25 82.0
187.25 79.0
188.0 83.25
183.5 86.25
173.0 96.75
175.5 106.75
180.5 122.0
185.0 137.75
151.0 143.25
164.5 144.25
172.5 144.75
172.25 142.0
175.0 136.5
120.0 102.5
136.5 105.0
140.5 101.25
147.0 99.5
140.75 103.5
131.0 105.5
169.0 99.25
174.5 98.75
179.25 99.0
179.75 96.5
179.75 100.5
174.25 100.0
140.75 174.75
150.75 168.75
164.5 162.25
173.5 162.25
175.75 158.5
175.0 159.5
169.75 164.25
155.25 169.75
164.75 167.75
171.75 165.0
170.75 164.0
150.0 183.75
161.75 186.25
167.0 184.0
168.5 176.0
146.0 184.0
158.0 192.0
166.75 192.25
169.75 186.75
170.0 174.5
