65.5 38.5 162.0 162.0
143.0 65.75
152.75 60.75
163.5 61.75
169.75 70.25
177.0 71.75
177.5 70.0
177.0 70.25
174.5 77.75
169.0 82.75
176.0 89.0
180.0 97.0
188.0 108.25
195.75 120.5
172.75 132.75
181.0 133.25
186.0 132.5
184.25 132.25
182.5 129.25
139.0 86.5
151.5 76.25
158.5 77.75
161.0 89.5
157.25 91.75
149.0 90.75
171.5 93.25
173.75 84.25
176.0 84.75
171.25 91.0
176.25 95.5
175.0 95.0
171.25 160.75
179.0 153.25
186.25 148.25
189.25 149.0
189.5 146.5
187.75 148.0
182.25 153.25
179.75 157.0
184.25 154.75
185.75 154.0
183.5 154.25
179.75 157.75
184.5 156.0
186.0 155.0
184.5 154.75
178.25 162.5
184.5 162.0
187.25 162.5
187.25 160.0
184.5 157.75
