72.5 41.5 152.5 152.5
121.0 59.25
132.0 53.5
145.75 53.5
155.75 61.5
168.75 63.5
171.0 62.0
173.5 63.5
175.25 72.25
172.5 78.75
167.25 79.75
171.75 87.25
181.0 97.5
190.0 109.0
164.5 123.75
175.75 124.0
182.25 123.25
182.5 123.75
183.25 121.5
120.0 80.25
132.25 68.75
142.75 70.0
149.0 82.0
142.0 83.5
131.25 83.25
168.0 86.25
170.0 77.25
175.75 78.25
173.5 86.0
176.75 89.25
173.25 88.25
165.5 153.0
173.75 144.5
182.5 139.0
187.5 140.0
188.75 137.75
189.5 140.5
187.25 147.5
176.5 149.0
182.5 146.75
185.75 146.25
186.0 147.5
176.75 149.75
183.0 147.75
186.0 147.25
186.5 147.75
174.5 154.5
183.0 154.0
187.5 154.75
189.0 152.75
188.0 151.25
