74.0 51.5 155.5 155.5
145.75 81.25
158.5 77.0
172.0 80.75
177.75 84.0
186.25 81.25
186.75 81.25
186.5 79.5
183.0 84.5
175.5 87.75
183.0 94.0
185.75 103.25
191.75 117.25
197.0 131.75
165.25 138.75
176.0 139.5
182.5 139.75
180.0 137.75
178.75 133.25
140.5 98.25
155.75 100.75
155.5 97.75
160.25 96.5
157.25 99.75
150.75 101.25
172.25 98.0
175.5 97.75
177.75 98.5
175.5 96.75
178.5 99.75
175.75 98.75
154.5 171.0
164.5 164.0
177.25 156.75
183.75 156.5
183.75 153.25
179.25 155.25
171.0 161.0
168.0 165.0
176.0 162.5
179.25 160.0
174.5 160.0
162.0 179.5
171.5 181.5
174.25 179.25
172.25 172.25
159.0 180.0
169.25 187.0
175.5 187.0
175.5 182.0
172.25 170.75
