109.5 61.5 104.0 104.0
124.0 66.0
136.5 60.75
151.0 61.5
160.5 70.0
174.75 71.5
178.0 69.25
181.25 69.75
182.25 77.5
179.0 82.75
170.0 89.5
173.25 98.25
180.5 110.25
187.5 123.75
159.5 135.25
171.0 136.25
178.0 136.0
178.5 135.5
180.25 132.0
120.5 87.0
134.75 76.75
145.75 78.25
150.75 90.25
142.5 92.5
131.5 91.5
171.0 94.0
174.75 84.5
181.0 84.75
178.25 91.5
180.5 96.25
176.25 96.0
155.75 164.25
165.25 157.25
175.0 152.5
180.25 153.75
182.25 151.0
183.0 152.5
180.5 157.75
167.5 161.25
174.0 159.25
177.75 158.5
178.75 158.5
167.5 162.0
174.5 160.5
178.0 159.75
179.0 159.25
164.75 166.75
173.25 167.0
177.75 167.75
180.25 165.0
180.0 162.5
