79.5 59.5 154.5 154.5
128.5 79.5
141.5 74.0
156.0 74.0
165.0 81.75
179.0 80.5
182.5 77.0
185.5 75.0
185.5 80.5
181.5 83.5
172.5 100.25
174.75 109.5
180.75 123.0
186.25 137.5
157.75 147.0
168.75 147.5
175.5 146.75
176.25 145.0
178.25 139.5
123.25 99.5
138.25 90.0
149.25 90.25
153.0 101.0
145.0 105.0
134.0 104.75
172.75 100.75
177.5 90.75
183.75 89.25
180.0 94.25
181.75 101.25
177.75 102.25
151.75 174.0
161.5 167.75
171.25 163.5
176.0 163.75
178.0 160.75
178.75 160.25
175.5 162.5
163.25 170.5
169.5 168.5
173.25 167.0
174.0 165.0
163.25 171.5
169.75 169.75
173.25 168.25
174.25 166.25
160.0 176.0
168.0 176.0
172.25 176.25
174.75 172.75
174.75 168.5
