75.0 38.0 162.0 162.0
114.25 62.5
125.5 55.5
139.75 54.25
151.0 61.25
165.5 61.5
168.25 59.5
171.75 60.25
174.5 68.5
172.5 75.0
164.0 79.0
168.75 86.5
178.25 96.75
187.5 108.25
161.75 124.5
173.75 124.0
180.5 122.75
181.25 122.75
182.75 120.0
114.5 83.5
126.5 71.0
137.75 71.25
145.0 82.75
137.25 85.25
126.0 86.0
166.25 84.75
168.25 75.0
174.75 75.25
173.25 82.75
176.25 86.25
172.0 86.0
163.75 154.0
171.75 145.25
180.75 139.0
186.25 139.75
187.75 137.0
189.25 139.25
188.0 145.75
175.0 149.25
181.25 146.5
185.0 145.5
186.25 146.25
175.25 150.25
181.75 147.5
185.25 146.75
186.5 146.75
173.25 155.0
181.75 154.0
186.75 154.5
188.75 152.0
188.25 150.0
