90.0 45.0 154.5 154.5
132.75 61.25
143.25 56.0
155.25 56.75
163.5 65.25
173.0 67.25
174.25 65.5
175.0 66.75
174.25 75.0
170.0 81.0
172.25 83.75
176.75 91.5
185.5 102.25
194.25 114.0
170.25 127.25
180.0 127.75
185.5 127.25
184.5 127.25
183.5 124.75
130.75 82.25
143.0 71.5
151.5 73.0
155.75 85.0
150.75 86.75
141.5 86.0
170.0 89.5
171.75 80.5
175.5 81.5
171.75 88.5
176.5 92.25
174.0 91.5
170.75 156.0
178.5 148.0
186.25 142.75
190.0 143.75
190.75 141.5
189.75 143.5
185.75 150.0
180.0 152.25
185.0 150.0
187.25 149.25
186.0 150.25
180.25 153.0
185.5 151.0
187.5 150.5
186.75 150.5
178.5 157.75
185.75 157.25
189.0 157.75
189.75 155.75
187.5 153.75
