68.0 40.0 164.5 164.5
144.0 74.75
155.5 69.0
168.0 71.0
173.75 73.75
180.25 70.75
180.25 71.0
179.0 70.25
175.5 76.25
168.5 81.0
180.0 83.25
184.25 91.5
192.75 104.0
200.5 117.0
171.25 129.25
181.25 128.5
187.5 127.75
184.25 126.75
181.5 123.25
141.5 92.5
156.25 93.0
154.75 90.75
158.75 89.0
157.0 92.0
151.75 94.0
169.0 89.75
171.5 89.5
173.75 90.0
170.5 89.25
174.5 91.25
172.25 90.5
166.25 163.25
175.0 154.25
185.75 145.0
191.5 144.0
190.75 141.25
186.0 144.5
178.25 152.25
178.0 155.0
185.25 151.25
187.5 148.75
182.0 150.25
174.75 170.75
184.0 171.0
185.75 169.0
182.0 162.75
172.25 171.5
183.25 176.75
188.75 176.0
187.5 171.5
181.5 161.5
