76.5 43.5 152.0 152.0
128.25 67.25
138.25 58.75
150.25 56.75
160.0 63.5
172.25 63.5
174.5 61.25
175.75 62.0
175.5 70.75
171.75 78.25
169.75 78.75
175.75 86.0
186.25 97.25
196.25 110.0
166.75 125.25
179.5 123.25
186.75 121.75
186.0 121.75
184.75 121.25
128.0 88.25
138.25 76.75
146.25 76.0
151.25 84.75
145.75 88.75
137.75 90.0
168.75 86.0
170.25 78.25
175.5 79.0
173.25 85.75
176.0 88.75
173.0 88.0
166.5 156.0
176.0 147.25
186.5 140.25
192.25 141.0
193.75 137.5
193.25 139.75
188.75 147.0
178.5 151.75
186.25 148.5
190.25 146.75
189.5 147.5
178.75 152.75
186.75 149.75
190.75 148.0
190.5 148.0
176.25 158.5
186.5 157.0
191.5 156.75
193.5 153.5
191.25 151.75
