73.5 46.0 150.5 150.5
132.0 63.25
142.75 57.75
155.25 58.25
163.5 66.5
173.75 68.0
175.25 66.25
176.25 67.0
175.5 75.0
171.5 80.75
172.5 85.25
176.5 93.25
185.25 104.25
193.5 116.25
168.25 129.75
178.75 130.25
184.5 129.25
183.75 129.5
183.75 126.25
129.5 84.25
148.75 86.0
150.25 86.0
155.5 86.75
151.75 86.75
142.75 86.75
170.5 90.5
174.75 89.5
177.5 90.0
173.5 89.5
178.5 91.25
175.25 90.5
162.5 162.0
171.25 152.25
183.25 143.25
190.25 142.5
190.0 140.75
186.5 145.5
179.25 154.75
174.75 153.5
182.5 149.75
186.0 148.5
181.75 151.75
171.75 170.0
182.25 171.0
184.75 170.0
182.0 165.0
168.0 170.75
179.75 176.5
186.0 177.0
186.0 173.25
181.5 164.25
