64.0 32.5 166.5 166.5
114.0 64.25
125.25 57.25
140.0 56.0
151.25 63.0
166.25 62.75
169.25 60.5
173.0 60.75
175.75 68.75
173.75 75.0
164.0 80.75
168.75 88.75
177.75 99.25
187.0 111.0
159.75 127.25
172.5 126.75
179.75 125.25
180.5 125.25
183.0 121.75
114.0 85.5
133.75 84.75
138.0 84.5
144.75 84.25
138.5 85.25
127.25 86.5
166.75 86.0
172.5 84.25
177.0 84.25
174.75 84.0
178.0 85.75
172.75 85.25
157.0 160.5
165.0 150.0
177.5 140.0
186.25 138.75
187.25 136.75
186.5 141.75
182.0 151.5
169.75 151.0
178.25 146.75
184.0 145.0
182.5 148.25
168.0 168.25
180.5 168.75
184.5 167.25
183.75 162.0
163.75 169.25
177.25 174.25
185.5 174.75
187.0 170.5
184.0 161.25
