60.0 56.0 160.5 160.5
127.75 78.0
141.0 73.0
155.75 73.75
164.75 81.75
179.25 81.25
183.0 78.0
186.25 76.5
186.5 82.25
182.75 85.25
172.0 100.75
174.25 110.0
179.75 123.75
184.75 138.25
155.0 147.25
167.0 148.0
174.0 147.75
174.75 146.0
178.0 140.75
122.25 98.0
141.75 102.75
145.75 100.5
152.5 100.75
146.25 102.75
135.0 103.0
173.0 102.0
178.75 100.5
183.0 100.25
181.0 96.75
183.75 101.75
178.75 102.0
143.5 175.25
153.75 168.5
168.0 162.25
176.25 162.25
177.75 159.25
175.5 160.5
168.75 165.5
157.75 169.5
166.75 167.25
172.5 165.25
170.0 165.0
151.75 183.75
162.75 186.0
166.75 184.25
167.5 177.0
147.75 184.0
158.5 191.0
165.75 192.0
168.25 186.75
168.0 175.5
