74.0 46.0 154.5 154.5
138.25 69.0
148.75 63.25
160.5 63.25
167.75 71.25
176.5 71.5
177.75 69.0
177.75 68.75
176.0 75.75
171.25 80.5
175.0 89.5
178.75 98.0
186.75 109.5
194.5 122.0
170.0 135.0
179.25 135.0
184.75 133.75
183.5 133.25
182.75 129.25
134.5 89.75
153.5 92.0
154.0 91.0
158.75 91.0
156.0 92.25
147.5 92.75
171.75 93.0
175.5 91.75
178.0 91.75
173.25 90.0
178.75 93.25
176.0 93.0
162.75 166.0
171.5 156.75
183.25 148.25
189.75 147.25
189.25 145.0
184.75 148.5
176.75 156.25
174.5 157.5
182.25 154.0
185.0 152.25
180.0 154.0
170.75 173.5
180.5 174.25
182.5 172.5
179.5 166.75
167.5 174.25
178.0 179.5
183.75 179.75
183.25 175.25
178.75 165.75
