74.0 47.0 153.0 153.0
115.5 66.75
125.5 57.25
138.75 54.5
150.25 60.25
165.75 59.5
169.25 57.0
172.5 57.75
174.75 66.75
172.75 74.75
162.75 75.0
169.0 82.0
179.75 92.5
190.25 104.75
160.25 122.5
174.25 119.75
182.0 117.5
182.75 118.0
183.25 117.5
117.5 87.5
127.25 75.5
136.5 74.25
143.25 82.5
136.5 86.75
127.5 88.75
165.25 82.75
167.0 74.75
173.75 75.0
173.25 82.0
174.75 85.0
170.5 84.25
161.5 154.0
170.75 144.25
181.75 136.75
188.75 137.25
191.0 133.75
192.5 136.25
189.75 143.75
174.5 149.0
183.0 145.25
188.25 143.25
189.25 144.25
174.75 150.0
183.75 146.5
188.75 144.75
190.0 144.75
172.25 155.75
183.25 154.0
189.5 153.75
192.5 150.25
191.5 148.5
