77.0 43.5 154.5 154.5
125.0 61.5
134.75 54.75
147.0 53.75
156.25 60.75
166.5 61.25
167.75 59.5
168.75 60.25
169.25 68.5
166.0 75.0
167.75 78.0
173.0 85.25
183.25 94.75
193.5 105.25
170.5 122.0
180.75 121.25
186.5 119.5
185.5 120.0
185.0 117.25
125.5 82.5
144.75 81.5
146.25 81.5
151.25 81.5
147.75 82.0
138.75 83.0
166.75 83.75
170.75 82.5
173.5 82.75
169.25 83.0
174.75 84.0
171.25 83.5
169.75 155.0
176.75 144.0
187.25 133.5
194.25 131.75
193.75 130.25
190.75 135.75
185.0 146.25
180.5 144.75
187.75 140.0
190.75 138.5
187.0 142.75
179.75 161.75
190.5 161.5
192.75 160.0
189.25 155.75
176.5 163.0
188.75 167.0
195.25 166.75
194.5 163.25
188.75 155.25
