60.0 35.5 172.0 172.0
127.75 64.0
139.0 58.25
152.25 58.25
161.25 66.5
172.75 67.5
175.0 65.75
176.5 66.25
176.75 74.25
173.0 80.0
171.0 85.0
175.0 93.25
183.5 104.25
192.0 116.5
165.75 130.25
176.75 130.5
183.0 129.75
182.75 129.75
183.5 126.25
125.5 85.0
145.0 86.25
147.5 86.25
153.0 86.75
148.75 87.0
138.75 87.25
170.25 90.25
175.0 89.25
178.25 89.5
174.75 88.75
179.25 91.0
175.25 90.25
160.0 162.5
168.75 153.0
181.25 144.0
188.75 143.25
189.0 141.25
186.0 146.0
179.25 155.0
172.5 154.0
180.75 150.25
185.0 149.0
181.25 152.0
169.5 170.75
180.5 171.75
183.5 170.5
181.5 165.5
165.75 171.5
177.75 177.25
184.75 177.75
185.0 173.75
181.25 164.5
