75.0 54.5 154.5 154.5
130.25 76.75
142.25 69.25
155.5 68.5
165.0 75.5
179.25 75.0
183.0 72.0
185.25 71.5
184.25 78.75
179.75 84.5
172.75 91.5
177.25 100.25
185.25 114.0
192.25 129.25
159.75 138.75
173.25 138.5
181.0 137.75
181.0 136.75
181.0 134.5
127.0 97.0
139.5 87.0
148.5 86.5
152.5 95.0
145.5 99.25
136.5 100.25
172.25 96.0
175.75 88.0
181.75 88.25
178.75 93.5
180.25 98.25
176.75 98.0
153.5 168.5
164.25 161.75
176.5 156.75
182.5 157.75
185.0 154.0
185.25 154.75
180.25 159.25
166.5 166.0
175.25 163.75
180.0 162.0
180.25 161.25
166.5 167.0
175.5 165.0
180.0 163.5
180.75 162.25
162.75 172.0
173.5 172.25
178.75 172.25
182.0 168.75
181.0 165.5
