76.0 48.5 160.5 160.5
120.5 68.0
133.5 62.75
148.5 63.5
158.75 72.0
174.5 73.0
178.5 70.75
182.5 70.75
184.25 78.25
181.5 83.25
168.5 91.75
171.25 100.75
178.0 113.5
184.25 127.25
154.25 138.25
167.25 139.5
174.75 139.0
175.75 138.5
179.25 134.5
116.75 89.0
136.5 92.25
141.25 91.5
148.25 92.25
141.25 92.75
129.75 92.5
170.75 95.75
177.0 94.75
181.75 95.0
180.25 93.25
182.5 96.5
177.0 96.0
145.25 169.25
155.0 161.0
169.0 153.75
178.0 153.75
180.0 151.5
178.5 155.0
172.75 162.5
159.5 162.5
168.75 159.75
175.0 158.5
173.5 160.25
154.5 178.5
166.75 181.0
171.25 179.75
172.0 173.75
150.25 178.75
162.5 186.0
170.5 187.5
173.25 183.0
172.75 172.75
