76.5 48.5 159.5 159.5
126.5 66.0
139.0 61.25
153.25 62.25
162.5 71.25
176.25 73.0
179.25 71.0
182.25 71.5
182.75 79.25
179.25 84.25
171.0 90.75
174.0 99.5
181.0 112.0
187.75 125.5
158.75 136.25
170.75 137.75
177.75 137.25
178.0 137.25
180.5 133.5
122.25 86.75
141.75 90.25
145.5 90.0
152.0 91.0
146.0 91.0
135.25 90.5
171.75 95.5
177.25 94.75
181.5 95.25
179.0 93.75
182.25 96.75
177.5 95.75
149.5 167.75
159.25 159.25
173.0 151.75
181.5 151.75
182.75 149.75
180.25 153.75
173.75 161.5
163.5 160.75
172.5 158.0
177.75 157.0
175.25 159.25
158.5 176.75
170.0 179.25
174.0 178.25
173.75 172.5
154.25 177.25
166.25 184.25
173.75 185.75
175.5 181.5
174.0 171.5
