61.5 42.0 177.5 177.5
125.25 67.5
138.5 63.25
153.25 65.0
162.5 74.5
177.75 76.75
181.5 74.75
185.25 75.0
186.25 82.75
182.75 87.5
170.5 94.5
172.75 103.75
178.5 116.75
184.0 131.0
153.75 139.75
166.25 142.0
173.5 142.0
174.5 141.75
178.0 138.0
120.0 88.0
139.25 92.75
144.0 92.5
150.75 93.5
144.0 93.75
132.5 92.75
172.25 98.75
178.25 98.25
182.75 99.0
181.0 97.25
183.5 100.5
178.25 99.5
142.25 170.25
152.75 162.5
167.25 156.25
176.0 156.75
178.0 154.75
176.0 158.25
169.5 165.5
157.0 164.25
166.5 162.25
172.5 161.5
170.5 163.25
151.0 180.0
162.75 183.25
167.25 182.5
168.25 176.5
146.75 180.0
158.25 188.0
166.25 190.0
169.0 185.75
168.75 175.5
