72.5 46.5 154.0 154.0
133.0 68.0
142.25 59.0
153.25 57.0
162.0 63.25
172.0 62.75
173.25 60.25
173.5 61.0
172.25 69.5
168.0 76.75
171.0 78.0
177.5 85.25
188.5 95.75
199.0 108.0
170.5 124.5
182.75 121.75
189.5 119.75
188.0 120.0
186.0 119.0
133.0 88.75
149.25 87.25
149.25 85.75
153.75 84.5
151.0 86.5
144.5 89.0
168.5 85.25
172.0 84.25
174.75 84.75
171.25 84.75
175.75 86.0
172.5 85.25
166.5 158.25
175.75 147.5
189.0 136.5
197.0 134.75
196.75 132.25
192.5 137.0
184.25 147.5
179.75 148.75
189.25 143.75
193.25 141.0
188.25 144.5
177.75 165.5
190.25 164.75
193.25 162.25
189.5 157.25
173.75 167.25
187.75 171.25
195.0 170.5
194.75 165.5
188.75 157.25
