73.0 44.0 154.0 154.0
132.75 75.5
144.0 67.5
156.75 66.5
165.75 73.25
178.75 72.75
181.75 69.75
183.25 69.25
182.0 76.75
177.25 82.75
173.5 89.0
178.5 97.75
187.0 110.75
194.75 125.5
162.25 136.5
176.0 135.75
183.5 134.5
183.0 134.0
183.0 131.5
129.75 95.75
146.5 96.75
148.25 94.25
154.0 93.25
149.5 95.75
141.25 97.75
172.25 94.0
176.75 93.25
180.0 93.75
177.75 92.5
180.75 95.0
177.0 94.5
152.5 168.5
163.25 160.0
179.0 151.75
188.0 151.25
189.25 147.75
185.5 151.0
176.75 158.5
167.5 161.75
178.25 158.5
184.25 155.75
180.0 157.0
162.5 177.25
175.75 178.5
180.25 176.25
179.0 169.75
158.0 178.5
171.75 184.75
179.75 184.75
181.75 179.25
178.75 169.0
