57.0 35.0 166.5 166.5
114.5 61.0
127.0 55.5
144.5 56.25
156.25 65.25
172.5 66.75
176.25 64.5
180.75 66.25
182.5 76.0
180.25 82.25
165.75 85.0
169.25 92.5
177.0 103.5
183.0 116.5
147.0 125.5
163.0 128.0
171.25 128.5
173.75 127.5
176.5 124.5
114.25 83.5
126.75 74.0
138.5 75.5
145.75 86.5
135.5 88.5
124.5 87.5
170.0 91.25
174.25 83.0
182.0 84.0
180.0 90.5
181.25 94.5
176.25 93.5
146.0 156.75
157.0 148.0
169.25 142.0
176.75 143.5
179.75 140.5
182.0 143.25
181.25 151.5
162.5 153.0
171.75 150.75
178.0 149.75
180.25 151.0
162.75 154.25
172.5 152.0
178.5 151.25
180.5 151.5
159.5 159.5
172.25 159.25
179.5 159.75
183.25 157.25
183.0 155.5
