51.0 34.5 173.0 173.0
118.25 63.25
131.0 58.25
148.5 60.0
159.75 69.25
175.75 71.25
179.75 68.75
183.75 70.25
185.0 79.5
182.25 85.0
167.75 89.5
170.75 97.25
177.75 109.25
183.0 122.75
146.75 129.5
162.25 132.75
170.5 133.5
172.75 132.25
175.75 128.75
116.5 85.75
129.75 77.0
141.25 78.75
147.75 90.0
137.75 92.0
126.75 90.5
171.5 95.0
176.5 87.0
183.75 88.0
181.5 93.75
182.5 98.5
177.5 97.5
143.75 160.25
155.25 152.25
167.5 147.25
175.0 148.75
178.0 145.75
180.0 148.25
178.5 155.5
160.0 157.75
169.5 155.75
175.75 154.75
177.5 155.5
160.25 158.75
170.25 157.0
176.0 156.25
178.0 156.0
157.0 163.75
169.5 164.5
176.5 165.0
180.25 162.5
180.0 160.25
