76.0 45.0 148.0 148.0
148.0 64.75
158.0 60.75
170.25 63.5
176.25 73.0
182.25 75.25
182.75 73.0
180.5 74.25
175.75 82.5
170.25 87.5
179.0 92.0
182.75 99.5
191.0 110.75
196.75 123.25
165.75 129.75
177.0 132.5
182.25 133.0
181.0 131.75
178.25 128.25
144.5 87.0
156.5 78.75
163.0 81.0
164.75 92.0
160.75 93.5
153.75 92.0
174.25 97.0
176.75 89.5
178.5 90.5
173.5 95.75
178.0 100.25
177.25 99.5
164.25 159.25
174.25 151.25
183.0 145.75
186.75 147.0
186.75 144.0
184.5 146.25
178.5 153.0
177.0 155.75
183.0 153.75
185.25 152.5
181.75 153.0
177.25 156.75
183.75 154.75
185.75 153.75
183.25 153.5
175.5 161.75
185.0 161.75
188.5 161.75
188.5 159.25
183.75 157.25
