51.0 31.0 166.0 166.0
106.25 58.25
117.5 51.5
135.0 50.5
147.75 57.75
164.25 58.5
168.0 56.5
172.75 58.75
176.5 69.0
175.25 76.0
160.25 76.25
164.5 82.75
173.75 91.5
181.75 103.0
147.5 117.5
163.75 118.0
172.25 117.5
174.5 117.0
177.25 114.75
109.0 80.5
120.0 69.25
131.75 69.75
140.75 80.25
130.75 82.5
119.5 82.5
165.75 83.25
169.0 75.25
176.75 76.0
176.25 83.25
177.75 86.0
172.5 85.25
151.0 148.5
160.5 138.0
172.0 130.75
180.0 131.5
182.5 128.75
185.5 132.0
186.25 141.5
166.75 142.75
176.0 139.25
182.25 138.0
185.0 140.25
167.25 143.75
177.0 140.5
183.0 139.25
185.25 140.25
164.75 149.0
177.75 147.25
185.25 147.0
188.75 144.75
188.5 144.25
