68.5 38.5 154.5 154.5
124.0 58.5
134.75 52.75
150.25 53.25
160.5 61.75
172.5 63.5
174.25 61.75
175.5 64.0
175.25 73.75
172.25 80.25
169.5 80.75
174.25 87.5
184.0 97.25
191.75 108.75
158.5 120.5
172.75 122.0
180.0 121.75
180.25 121.25
180.0 118.75
125.0 81.0
136.25 70.75
146.0 72.25
152.25 83.0
145.0 84.75
135.5 84.25
170.0 87.5
172.5 79.75
177.5 80.75
174.75 87.5
178.25 90.75
175.25 89.75
161.25 151.0
171.0 141.25
181.0 134.5
187.0 135.75
188.25 132.75
188.5 136.0
186.0 144.5
175.75 146.0
183.5 143.0
187.75 142.0
187.0 143.5
176.25 147.0
184.5 144.0
188.5 143.0
188.25 143.75
174.5 152.25
186.0 150.75
191.5 150.75
193.0 148.5
190.0 147.75
