50.5 31.0 168.0 168.0
112.25 60.75
123.75 54.25
141.0 53.75
153.0 61.5
168.5 62.0
171.75 59.5
175.5 61.25
177.75 71.0
175.75 77.5
164.0 80.25
168.5 87.25
177.75 97.0
185.25 109.0
150.5 122.0
166.25 122.75
174.5 122.5
176.25 121.5
178.25 118.5
114.0 83.25
125.5 72.5
137.0 73.25
145.0 83.5
135.5 86.25
124.75 86.25
168.0 86.5
171.25 78.0
178.5 78.5
177.0 85.25
179.0 88.75
174.25 88.25
153.0 152.75
163.0 143.0
174.25 136.0
181.5 136.75
183.75 133.5
186.0 136.25
185.5 144.75
168.75 147.5
177.5 144.25
183.25 143.0
184.75 144.25
169.0 148.5
178.5 145.5
184.0 144.25
185.5 144.5
166.75 154.0
179.25 152.75
186.25 152.25
189.25 149.75
188.0 148.25
