84.0 58.0 150.0 150.0
127.75 74.25
140.25 68.75
157.0 69.5
166.75 77.75
180.0 76.75
183.0 73.25
185.0 72.0
184.0 79.0
180.0 83.0
172.75 96.5
176.0 104.75
183.25 117.75
188.25 131.25
153.0 137.5
167.25 139.5
174.75 139.5
175.75 137.0
177.0 131.25
125.5 96.75
138.75 87.75
149.0 88.25
154.25 98.0
145.5 101.75
135.5 101.5
173.5 98.5
178.0 89.75
183.75 89.0
180.25 93.5
182.25 99.75
178.75 100.25
150.25 167.0
161.25 159.5
172.5 153.75
178.75 154.25
181.0 150.25
181.5 151.0
178.25 155.75
165.5 163.5
173.75 161.0
178.5 159.0
178.75 157.25
165.5 164.75
174.25 162.25
179.0 160.25
179.5 158.5
162.75 170.0
174.0 169.75
180.0 169.25
182.5 165.5
180.75 161.5
