59.0 44.5 167.5 167.5
128.5 74.0
141.5 67.75
155.5 68.75
165.0 77.5
181.25 79.5
185.75 77.5
189.25 77.75
188.75 85.75
184.25 91.5
172.0 94.75
175.25 104.25
181.25 118.75
186.25 134.5
151.5 140.25
166.25 142.0
174.75 142.5
175.5 142.0
177.75 140.0
123.75 93.75
140.25 97.5
144.25 95.75
150.75 95.75
144.5 97.25
134.75 97.75
172.75 100.75
178.25 101.0
182.5 102.0
181.75 100.75
183.0 103.5
178.25 102.0
137.25 171.0
148.75 164.25
166.0 158.75
176.25 160.0
179.25 157.25
177.0 160.25
168.5 167.0
153.25 167.0
165.25 165.5
173.0 164.5
170.75 165.75
146.25 182.0
160.25 186.0
166.25 184.75
167.75 178.5
141.5 182.25
154.5 191.25
163.75 193.25
168.0 188.5
168.0 178.0
