63.0 39.0 167.5 167.5
125.0 65.25
135.75 57.5
149.0 56.5
159.0 63.75
173.25 65.25
176.5 63.25
179.0 64.75
179.5 74.0
175.75 81.5
168.75 80.0
174.25 87.75
184.0 99.25
193.0 112.5
160.75 126.25
175.25 125.25
183.0 124.0
183.0 124.75
183.75 124.25
124.0 86.25
140.75 86.25
143.25 85.25
149.25 84.75
144.25 86.0
135.5 87.5
169.5 88.25
174.25 88.0
178.25 89.0
176.5 89.25
179.0 90.25
174.5 88.75
153.75 160.75
163.75 150.5
179.25 140.75
189.0 140.5
190.5 138.25
188.25 143.75
180.75 154.25
168.5 152.75
179.75 148.75
186.25 147.25
183.25 151.0
165.25 169.75
179.5 171.0
184.5 169.5
183.5 164.5
160.5 171.25
175.5 177.25
184.5 178.0
186.75 173.5
183.5 164.5
