63.0 30.0 163.0 163.0
122.25 61.75
132.25 54.75
147.0 53.25
157.5 60.0
168.0 59.75
169.0 57.25
169.5 58.5
169.5 67.75
166.75 74.0
167.75 77.75
173.25 84.0
184.25 93.0
193.25 103.75
162.25 119.25
175.75 118.75
182.5 117.5
182.0 116.5
180.5 113.25
125.75 84.25
135.75 72.75
144.75 72.5
151.5 82.25
145.5 85.5
136.5 86.25
167.75 83.25
169.0 75.0
173.0 75.0
170.5 81.5
175.0 85.0
172.5 84.75
168.5 148.75
176.75 138.25
185.25 130.25
190.75 130.25
191.25 127.25
191.0 129.5
188.75 137.75
181.5 142.0
188.5 138.0
191.75 136.0
190.25 137.25
182.25 143.0
189.25 139.0
192.5 137.25
191.75 137.25
181.25 148.5
191.75 145.75
196.75 144.5
197.5 141.75
193.75 140.75
