53.5 30.5 173.0 173.0
118.75 61.75
129.75 54.0
143.25 53.25
154.5 60.75
170.5 62.75
174.5 61.5
178.25 63.5
180.0 73.5
177.25 81.75
165.25 77.0
170.5 84.25
180.0 95.25
188.75 108.25
156.0 122.5
171.25 121.75
179.75 120.75
180.5 122.0
182.5 122.5
118.25 82.75
135.25 82.5
138.75 82.25
145.0 82.0
139.25 82.75
129.75 83.5
168.0 86.5
173.25 86.5
178.0 87.75
177.0 88.75
178.75 89.0
173.5 87.25
149.5 157.75
159.25 147.0
175.0 137.25
185.5 137.25
188.0 135.25
187.0 141.75
180.5 153.5
164.5 149.5
176.0 145.5
184.0 144.75
182.25 149.5
161.25 167.25
176.5 169.0
182.5 168.0
182.75 163.5
156.25 168.5
172.25 175.0
182.25 176.25
185.5 172.25
183.0 163.75
