37.5 20.0 195.5 195.5
120.25 63.0
133.25 58.75
149.5 62.0
158.75 67.75
172.25 67.75
175.75 68.0
179.25 68.75
180.5 76.75
177.0 82.5
165.75 83.0
170.75 90.75
180.0 100.5
188.0 113.0
153.0 126.0
167.75 127.0
176.25 127.25
177.25 127.25
178.25 126.0
118.0 82.75
131.75 73.25
142.75 75.0
149.25 85.5
139.75 87.75
128.75 86.5
169.0 90.0
173.25 82.0
180.25 83.25
177.75 90.0
179.5 94.25
174.75 92.75
148.75 156.25
160.0 150.25
172.0 145.75
178.75 147.5
181.75 144.75
183.25 147.25
180.75 153.25
163.25 155.5
172.25 154.0
178.0 153.5
179.5 154.25
163.25 156.5
172.5 155.25
178.25 154.75
180.0 155.0
159.75 161.0
170.5 162.0
177.0 163.25
181.5 160.5
181.25 158.5
