77.0 45.5 154.5 154.5
141.5 62.0
152.0 58.25
164.0 62.0
169.75 68.0
176.0 68.75
176.5 69.25
175.25 70.25
171.75 78.0
166.25 83.5
174.25 82.5
180.5 89.75
191.5 98.5
201.25 109.75
171.0 123.0
182.5 123.25
188.75 123.5
186.5 123.75
182.5 122.75
139.0 81.25
151.25 72.25
158.25 74.25
161.75 84.75
157.25 86.5
149.5 85.25
171.5 89.5
173.0 82.25
175.25 83.75
170.5 90.25
176.0 94.0
174.75 92.25
170.25 152.0
179.75 145.25
188.75 140.5
192.75 142.0
193.0 139.5
190.75 142.0
184.25 148.5
181.25 150.25
187.5 148.5
190.0 148.0
187.0 149.0
181.5 151.25
188.0 149.75
190.25 149.0
188.5 149.5
179.5 155.75
188.0 155.75
191.5 156.75
192.25 154.25
188.5 152.75
