59.5 48.5 168.5 168.5
131.25 79.5
145.25 76.25
160.75 80.0
168.5 85.5
181.0 83.5
184.0 82.5
187.0 80.25
185.75 84.5
180.75 87.25
172.25 100.0
176.0 109.75
183.5 123.0
189.0 137.75
153.25 143.5
167.0 145.5
175.0 146.5
175.25 144.25
175.75 139.5
126.0 98.0
141.25 90.75
151.5 92.0
155.75 101.5
146.75 105.0
136.25 104.0
173.25 103.0
178.75 94.5
184.75 93.75
180.5 97.75
182.0 105.0
178.25 105.0
144.75 171.0
156.25 167.25
168.25 164.25
173.75 165.5
176.5 162.0
177.0 161.5
173.0 163.25
158.25 171.25
166.5 170.25
171.75 168.75
172.5 166.5
158.25 172.25
166.75 171.5
171.75 170.0
172.75 168.0
154.25 176.25
164.0 177.75
169.5 178.25
173.5 174.5
173.25 170.5
