72.5 45.5 153.5 153.5
121.75 67.25
133.75 61.0
149.25 62.0
158.25 66.5
169.25 64.0
171.75 63.5
173.75 63.0
174.0 70.0
170.25 75.5
166.0 80.25
172.5 87.75
183.5 96.75
193.75 108.5
161.0 125.25
175.0 123.75
182.75 123.0
182.5 122.25
181.5 120.25
121.75 87.0
134.0 76.0
144.25 76.0
151.0 85.25
143.25 89.0
133.0 89.75
167.75 86.0
170.25 77.25
175.75 77.0
173.0 83.5
176.75 88.0
173.25 87.5
161.25 155.25
171.25 147.75
182.0 141.75
187.75 142.25
189.5 139.0
189.75 140.5
186.5 145.75
174.5 152.25
182.25 149.5
186.75 147.75
186.75 147.5
174.75 153.25
182.75 150.5
187.25 148.75
187.75 148.25
172.25 158.0
182.25 157.25
187.75 157.25
190.5 153.5
189.0 151.25
