69.0 54.0 163.0 163.0
127.5 79.75
141.5 75.75
157.5 79.25
165.75 84.5
179.25 82.0
182.5 80.75
186.0 78.5
185.5 82.75
181.0 85.75
170.5 99.0
174.5 108.5
182.0 121.75
187.75 136.75
152.25 143.0
166.25 144.75
174.25 145.5
174.75 143.25
175.75 138.5
123.0 98.25
137.75 90.5
148.75 91.5
153.75 100.75
144.25 104.75
133.25 104.0
172.25 101.75
177.75 93.0
184.25 92.25
180.5 96.25
181.75 103.75
177.5 103.75
144.25 170.75
155.5 166.75
167.75 163.5
173.5 164.75
176.5 161.25
177.5 160.75
174.0 162.5
158.0 170.75
166.5 169.75
171.75 168.0
173.0 165.75
158.0 171.75
166.5 171.0
171.75 169.25
173.25 167.25
154.0 176.0
163.75 177.25
169.75 177.75
174.0 173.75
174.0 169.75
