68.0 29.5 170.0 170.0
139.75 61.75
150.0 57.75
162.25 61.0
168.25 66.75
174.5 67.0
175.0 67.5
174.0 68.5
170.75 76.25
165.25 81.75
173.25 81.0
179.75 88.0
191.0 96.75
201.25 107.5
171.0 122.0
182.75 121.75
189.0 121.75
186.75 122.0
182.75 121.25
137.75 81.25
149.75 71.75
156.75 73.5
160.75 83.75
156.25 85.75
148.5 84.75
170.75 88.25
172.0 80.75
174.5 82.0
170.0 88.75
175.5 92.25
174.25 90.75
171.25 151.0
180.5 144.0
189.5 138.75
193.5 140.25
193.75 137.5
191.5 140.25
185.25 146.5
182.25 148.75
188.5 146.75
190.75 146.0
188.0 147.0
182.5 149.75
189.0 148.0
191.25 147.25
189.5 147.5
180.75 154.25
189.25 154.0
192.75 154.75
193.5 152.25
189.75 151.0
