74.0 44.5 153.5 153.5
143.0 69.75
153.25 64.25
165.0 66.25
170.5 70.75
176.0 68.75
176.25 68.0
174.5 67.25
170.25 73.5
164.5 78.0
174.75 84.5
181.25 92.0
192.25 101.5
202.0 112.75
172.5 127.75
183.5 126.5
189.5 125.75
186.75 125.0
182.5 122.5
140.75 89.25
152.75 79.0
159.5 79.25
162.5 88.5
158.75 92.25
151.25 92.5
171.25 89.25
172.5 81.0
174.25 80.75
169.5 86.25
175.25 91.25
174.5 91.0
172.0 156.25
181.25 149.25
189.75 143.5
193.25 144.0
193.25 140.5
190.5 141.75
184.0 146.25
182.5 153.25
188.5 150.5
190.25 148.75
187.0 148.0
182.75 154.0
188.75 151.5
190.75 149.75
188.5 148.75
181.0 158.75
189.0 158.0
192.0 157.75
192.25 154.0
188.5 151.75
