73.5 46.0 155.5 155.5
137.75 66.0
148.0 60.25
161.75 60.75
169.75 69.0
177.75 69.25
178.5 66.5
177.25 67.0
174.5 75.25
169.75 80.25
175.5 87.25
179.75 94.75
189.0 105.5
196.0 117.5
164.0 128.0
176.75 129.0
182.75 128.5
181.75 127.0
180.0 122.75
137.0 88.75
154.5 90.75
155.0 89.75
160.0 89.75
156.75 90.75
149.25 91.25
172.5 91.75
176.25 91.0
178.25 91.0
173.75 89.75
179.0 92.25
176.75 92.0
160.0 160.75
170.0 150.0
183.0 140.0
190.25 138.75
189.5 136.0
185.0 140.5
177.5 150.25
175.5 151.5
184.75 147.0
188.0 144.5
182.25 147.25
172.5 167.75
184.25 167.5
187.0 165.25
182.75 159.75
169.5 169.25
183.5 173.75
190.5 172.75
189.5 168.25
182.75 159.25
