64.0 31.0 175.0 175.0
113.75 67.75
126.5 61.5
143.25 62.5
153.0 67.0
167.0 64.25
170.5 63.75
174.5 63.25
176.75 70.25
173.75 75.75
161.75 81.0
167.75 88.75
177.75 98.25
187.0 110.5
153.5 126.75
168.25 125.75
177.0 125.25
177.75 124.25
179.0 122.0
114.0 87.5
126.25 76.5
137.75 76.5
145.5 86.0
136.25 89.75
125.0 90.25
166.0 86.75
169.5 77.75
177.0 77.5
175.25 84.0
177.25 89.0
172.25 88.25
152.5 157.0
162.75 150.0
174.5 144.25
181.25 145.0
184.0 141.75
186.0 143.25
184.25 148.5
166.75 154.5
175.5 152.25
181.25 150.5
183.0 150.25
167.0 155.75
176.0 153.25
181.5 151.75
183.5 151.0
163.75 160.5
174.5 160.25
181.25 160.5
185.5 156.75
185.25 154.25
