64.0 48.0 155.0 155.0
127.75 70.0
139.75 64.0
155.75 64.25
165.5 72.25
177.75 71.5
180.0 68.25
181.5 68.0
180.25 75.75
176.5 80.5
172.5 91.0
176.25 98.75
184.75 110.75
191.0 123.75
155.75 132.75
170.5 134.25
177.75 133.75
178.25 131.75
179.25 126.5
126.75 92.75
145.0 95.25
148.0 93.75
154.5 93.25
148.75 95.0
139.25 95.75
173.0 94.25
178.25 93.25
181.5 93.0
178.5 91.0
182.25 94.5
178.25 94.25
150.25 165.25
161.0 155.25
175.5 145.75
184.75 145.0
185.5 141.5
182.75 145.0
176.0 154.0
167.25 157.0
177.75 153.0
183.5 150.25
179.75 151.5
163.5 173.0
176.75 173.5
181.25 171.0
179.5 164.25
159.5 174.25
174.5 179.75
183.25 179.25
184.5 174.0
180.25 163.75
