64.5 50.5 159.5 159.5
129.25 69.75
141.0 63.75
157.0 64.25
166.5 72.25
178.25 71.75
180.25 68.5
181.5 68.25
180.0 76.0
176.0 80.75
173.25 91.0
177.0 98.75
185.25 110.75
191.5 123.5
156.75 132.5
171.0 134.0
178.25 133.5
178.5 131.75
179.25 126.5
128.25 92.5
146.25 95.0
149.0 93.5
155.5 93.25
150.0 95.0
140.5 95.75
173.0 94.5
178.25 93.5
181.25 93.25
178.25 91.25
182.0 94.5
178.5 94.5
151.0 165.0
161.75 155.0
176.25 145.75
185.25 144.75
185.75 141.5
182.75 145.0
176.0 154.0
168.0 156.75
178.25 152.75
183.75 150.0
179.75 151.5
164.0 172.75
177.25 173.25
181.5 170.75
179.5 164.25
160.25 174.25
175.25 179.5
183.75 179.0
184.5 173.75
180.25 163.75
