63.0 36.0 168.0 168.0
129.75 67.75
141.25 61.75
155.5 63.0
163.0 67.5
172.0 65.25
173.5 64.75
174.0 64.25
172.5 71.0
167.75 76.25
169.75 81.25
176.25 88.75
187.75 97.75
198.0 109.25
166.25 125.5
179.25 124.25
186.5 123.25
185.0 122.75
182.5 120.5
129.0 87.5
141.25 76.5
150.25 76.75
155.75 86.0
149.5 89.75
140.25 90.5
169.5 86.75
171.25 78.25
175.25 78.0
171.75 84.25
176.25 89.0
173.75 88.25
166.75 155.0
176.25 147.75
186.25 141.5
191.25 142.25
192.25 138.75
191.25 140.25
186.5 145.25
179.0 152.0
186.0 149.25
189.5 147.25
188.0 147.0
179.25 152.75
186.5 150.25
189.75 148.5
189.25 147.75
177.0 157.75
186.25 156.75
190.75 156.5
192.5 153.0
190.0 150.75
