76.5 42.5 153.5 153.5
136.0 67.0
147.75 62.5
163.0 64.75
171.0 74.0
181.75 75.5
183.75 73.0
184.25 73.5
181.75 81.75
177.25 86.5
175.75 93.5
179.0 101.5
186.75 113.75
192.0 126.75
157.0 132.75
170.75 135.75
177.75 136.0
177.75 134.5
178.25 130.25
132.75 89.5
150.5 93.75
152.5 93.25
158.75 93.75
153.75 94.25
144.75 93.75
174.75 98.0
179.5 97.75
182.25 98.0
178.75 96.25
183.0 99.5
179.5 98.75
148.75 165.0
160.25 155.75
175.25 147.5
183.75 147.75
184.25 145.0
180.5 148.75
172.75 157.75
166.0 158.0
176.5 155.0
181.75 153.25
177.0 155.25
161.0 174.0
173.75 175.75
177.75 174.0
175.75 168.0
157.25 175.0
171.5 181.75
179.5 182.25
180.5 177.5
176.25 167.75
