65.5 43.0 164.5 164.5
134.5 71.25
146.25 65.75
160.0 67.25
167.0 71.75
175.5 69.25
176.75 68.5
176.75 67.25
174.5 73.25
169.25 77.75
172.5 85.5
178.5 93.5
189.25 103.75
199.0 115.75
166.25 130.5
179.25 129.5
186.25 128.5
184.75 127.5
182.5 124.25
132.5 91.0
151.5 92.25
153.0 90.75
158.5 89.75
154.5 92.0
145.75 93.25
171.5 90.25
175.75 89.25
178.25 89.25
173.5 87.25
179.0 90.75
176.0 90.25
159.5 162.5
169.75 154.25
183.75 145.25
191.5 144.0
191.5 141.0
187.0 144.5
178.5 151.75
174.0 155.5
183.5 151.75
187.75 149.0
182.75 150.5
170.75 171.75
182.75 172.25
186.25 169.5
183.25 163.25
166.75 172.5
179.75 177.75
187.0 177.5
187.5 172.0
182.5 162.25
