59.5 35.0 175.0 175.0
121.5 72.75
134.5 68.25
151.75 70.75
161.5 75.0
177.25 73.0
180.0 73.0
183.25 72.75
184.0 78.5
179.5 82.75
172.0 85.25
176.75 93.5
185.5 106.75
193.0 121.75
157.0 131.0
171.0 133.5
179.5 134.0
180.0 132.0
180.0 126.0
117.5 89.5
131.0 80.5
141.5 81.0
146.25 89.5
138.0 92.5
127.75 92.75
169.0 92.0
173.5 84.75
180.5 85.25
178.25 91.0
179.0 94.75
174.25 94.0
142.5 161.75
157.25 158.25
170.75 155.0
177.25 156.25
180.5 152.75
182.5 151.25
178.75 152.75
160.75 161.75
170.5 161.0
176.25 159.5
177.75 156.5
160.75 162.75
170.75 162.0
176.25 160.5
178.25 158.0
156.5 166.25
169.0 168.0
175.5 168.0
179.25 164.75
179.0 160.0
