76.5 43.0 151.0 151.0
135.75 60.75
145.5 55.75
157.75 57.75
164.0 62.75
170.0 62.5
170.5 63.0
169.25 64.0
166.25 72.0
161.5 78.0
170.0 76.75
177.25 83.0
189.5 90.5
200.75 100.25
171.75 117.5
183.5 116.5
190.0 115.5
187.25 116.0
183.5 115.5
135.5 80.25
153.75 80.25
153.75 80.75
158.25 80.5
156.0 81.0
148.75 81.25
168.25 84.0
171.5 83.75
173.25 84.75
167.5 85.0
174.25 86.0
172.0 84.5
169.75 151.0
178.75 141.0
190.75 130.5
197.25 129.75
196.25 128.0
191.25 134.25
183.0 144.75
182.75 142.5
191.0 138.0
193.5 136.75
187.75 141.25
182.0 159.25
193.25 159.5
195.25 158.0
190.25 154.25
178.25 160.5
191.5 164.75
197.75 165.0
196.5 161.0
189.0 154.0
