64.5 39.5 161.5 161.5
130.0 63.75
142.5 59.75
157.25 63.5
165.0 69.25
175.75 69.5
178.0 69.75
179.5 70.5
178.5 78.0
174.0 83.5
170.75 84.25
176.25 92.25
186.0 102.25
195.0 114.25
160.0 126.75
174.25 127.75
182.25 128.0
181.5 128.0
181.25 126.25
127.25 83.25
146.25 86.0
149.25 86.25
155.5 86.75
150.0 86.75
140.25 86.25
171.5 91.25
176.75 91.25
180.0 92.5
176.5 91.75
180.75 94.0
176.75 92.25
151.25 160.0
162.25 151.75
177.75 143.75
186.5 144.25
187.5 142.25
184.5 147.25
176.5 156.0
167.0 154.0
177.5 151.25
183.5 150.5
179.75 153.5
162.75 171.0
176.25 173.75
181.0 172.5
179.75 167.25
158.25 171.25
172.25 178.75
180.75 180.25
183.0 176.0
179.5 166.75
