89.0 55.0 149.0 149.0
146.5 79.5
158.25 75.0
170.5 77.75
176.0 82.5
183.0 79.5
183.75 78.25
183.0 75.75
178.5 80.0
172.25 83.0
178.0 96.0
183.0 104.75
192.0 116.5
199.25 130.0
166.25 139.75
178.0 139.75
184.75 139.75
182.5 137.75
180.0 133.0
141.0 98.0
159.25 102.0
159.75 99.5
164.75 98.75
161.5 101.5
153.75 102.25
175.0 98.75
178.5 97.5
180.5 97.5
175.5 93.75
181.0 99.0
179.0 98.75
154.75 169.0
166.0 162.75
180.25 155.75
187.0 155.0
187.0 151.5
181.25 153.0
171.25 157.75
169.25 164.0
178.5 161.25
182.0 158.25
176.0 158.0
163.75 178.75
174.5 180.0
177.25 177.25
174.5 170.0
160.0 179.25
171.0 185.25
177.25 185.25
177.75 179.25
173.75 168.75
