62.0 35.5 173.0 173.0
122.0 66.0
134.5 60.5
150.25 62.5
159.0 67.25
171.0 65.75
173.75 65.5
176.25 65.5
176.5 72.75
172.75 78.25
166.5 81.75
172.5 89.25
182.75 99.0
192.25 111.0
157.75 126.25
172.75 125.75
181.0 125.25
180.75 125.0
181.25 122.75
121.0 85.75
140.25 86.75
144.0 86.25
151.0 85.75
144.5 87.0
134.0 87.75
168.75 88.0
174.5 87.25
178.5 88.0
175.5 86.75
179.25 89.25
174.75 88.25
152.0 159.75
162.25 151.0
177.0 142.0
186.5 141.25
188.0 138.75
185.75 143.5
179.25 152.5
167.25 152.75
177.75 149.25
184.5 147.5
182.0 150.25
164.5 170.0
178.5 171.5
183.75 169.5
182.75 164.0
159.75 170.75
174.25 177.0
183.5 177.5
186.25 172.5
182.75 163.25
