64.0 38.0 166.0 166.0
131.75 68.25
143.75 64.0
159.0 67.0
167.25 71.5
179.0 71.0
180.5 71.75
181.0 72.25
180.0 78.75
174.25 83.75
176.25 82.0
181.25 89.75
191.25 101.75
199.75 115.5
165.0 126.0
178.25 128.5
186.0 128.75
184.75 127.75
183.0 122.5
127.0 85.25
145.0 86.5
146.75 86.25
152.25 86.25
148.0 87.0
139.25 87.25
170.0 90.5
174.25 90.25
177.75 91.25
175.5 91.5
178.5 92.5
174.5 91.0
147.25 160.5
161.75 154.25
177.75 147.25
186.25 147.25
187.5 144.75
184.5 147.0
175.0 152.75
166.25 155.5
177.5 153.25
183.0 151.75
178.75 152.25
162.5 172.0
176.5 174.75
180.75 173.0
179.0 166.0
157.25 171.5
172.75 179.25
181.0 179.75
182.5 175.25
178.25 164.25
