63.0 30.5 173.0 173.0
111.75 65.0
124.75 58.5
142.0 58.75
154.25 63.5
174.0 63.75
178.25 64.25
182.25 65.75
183.5 74.5
178.75 81.0
166.25 75.75
170.5 83.5
179.5 96.25
190.0 113.25
152.25 125.25
169.0 126.25
178.75 127.25
180.5 125.25
181.75 121.25
109.25 83.75
122.5 73.0
133.75 73.25
139.75 81.5
130.75 86.25
119.75 86.75
165.25 86.25
169.5 79.75
178.25 81.0
176.0 88.25
176.0 91.5
171.0 89.75
149.0 156.5
160.5 149.5
173.0 145.0
180.25 146.25
183.5 143.5
185.5 143.75
183.75 149.25
164.75 153.25
174.25 151.25
180.25 150.0
182.25 150.25
165.0 154.25
174.75 152.0
180.5 151.0
182.75 150.5
161.5 158.5
173.0 157.75
180.0 157.5
184.25 155.0
184.25 153.5
