49.5 32.5 185.0 185.0
139.0 73.75
151.25 71.0
166.0 75.25
173.25 80.5
184.5 80.0
185.75 80.5
186.25 80.25
184.0 85.5
177.5 89.0
180.5 91.5
184.5 100.0
192.5 113.75
199.0 128.5
163.5 134.5
176.0 138.0
183.5 139.25
182.25 137.25
181.0 131.0
131.75 90.0
149.25 93.5
151.0 92.5
156.5 92.75
152.25 93.75
143.5 93.5
172.75 97.25
177.0 97.25
180.0 98.5
177.75 97.5
180.75 99.75
177.25 98.25
141.5 165.75
156.25 161.5
173.0 156.5
181.0 157.25
182.5 154.5
179.0 155.25
169.0 158.5
160.5 163.0
171.75 162.0
177.25 160.5
172.75 159.5
154.75 178.5
167.75 182.5
172.0 180.5
171.0 172.75
149.75 177.5
163.75 186.5
171.5 187.5
173.25 182.75
170.5 170.75
