57.0 31.0 175.0 175.0
118.5 68.75
130.25 63.0
147.25 63.5
157.25 67.0
171.5 64.25
174.0 64.75
176.5 65.0
177.5 71.5
173.5 77.0
168.75 76.25
174.5 83.25
185.25 94.5
195.25 107.5
160.25 122.25
175.0 123.0
183.5 122.5
183.25 121.25
182.5 116.0
116.5 86.25
134.5 85.25
137.75 84.5
144.25 83.5
138.5 85.0
128.75 86.75
166.0 85.0
171.0 84.25
175.5 84.75
174.5 85.0
176.5 85.75
171.5 85.0
146.5 159.0
160.25 151.0
176.25 142.25
185.75 141.5
187.75 138.5
186.5 140.75
179.5 147.5
165.5 151.75
177.25 148.25
184.25 146.0
182.0 146.75
163.75 168.75
179.0 170.25
184.5 167.75
183.5 160.75
158.25 169.0
175.25 175.25
184.75 174.75
187.0 170.0
183.25 159.0
