76.0 45.0 154.0 154.0
135.25 63.75
147.0 58.25
161.0 60.25
169.25 65.75
180.5 67.75
181.75 68.5
181.25 70.25
178.0 78.75
170.75 84.5
176.75 78.5
181.25 86.0
191.25 98.25
202.25 114.25
168.25 124.75
181.75 126.25
189.25 127.25
187.75 125.5
184.5 122.0
129.25 82.5
142.75 72.75
150.25 73.75
152.75 82.25
147.5 86.25
139.0 86.0
168.0 88.25
171.0 82.5
175.5 84.5
171.25 91.0
174.0 94.0
171.75 92.25
165.5 155.0
175.75 148.25
185.75 143.75
190.25 145.25
191.25 142.5
189.75 143.25
184.25 148.5
178.25 152.0
185.25 149.75
188.25 148.75
186.0 149.25
178.25 152.75
185.5 150.75
188.5 149.75
187.5 149.5
176.0 157.0
185.25 156.0
189.5 155.75
190.75 153.5
187.75 152.25
