54.0 25.0 185.0 185.0
123.75 65.75
136.0 61.25
152.5 64.0
161.75 68.5
175.75 68.0
178.0 69.0
180.25 70.0
180.75 77.0
176.0 82.5
172.25 79.0
177.25 86.25
187.25 98.0
196.25 111.5
160.25 123.25
174.75 125.5
183.25 125.75
182.75 125.0
182.25 120.25
120.0 83.0
138.0 83.75
141.25 84.0
147.5 83.75
142.0 84.25
132.25 84.75
168.5 88.5
173.5 88.25
177.75 89.5
176.25 90.0
178.75 90.5
173.75 89.0
143.25 158.75
157.5 152.0
174.25 144.5
183.75 144.75
186.0 142.5
184.25 145.25
176.5 152.0
162.75 153.25
174.75 151.0
181.5 149.75
179.0 151.0
159.5 170.25
174.75 173.25
180.0 171.75
179.5 165.25
154.0 169.75
170.5 177.75
180.0 178.5
182.5 174.25
179.25 163.5
