72.5 28.0 163.0 163.0
133.25 62.0
143.5 55.25
156.5 55.25
164.5 59.75
173.5 60.25
174.25 61.0
173.0 63.0
170.25 71.75
163.25 78.75
172.5 71.25
178.25 77.75
190.0 88.25
203.25 102.25
173.0 117.25
185.5 116.75
192.5 117.0
189.75 115.5
185.0 113.0
129.5 81.25
141.0 69.75
147.5 70.0
150.5 78.0
147.0 82.75
139.25 83.5
163.75 82.5
165.25 76.25
169.0 77.75
165.25 85.0
169.25 87.25
167.5 85.75
175.0 147.25
183.75 139.0
192.0 133.5
196.0 134.0
196.25 131.5
194.0 132.5
188.25 138.75
186.0 142.5
192.0 139.5
194.0 138.0
191.0 139.0
186.5 143.0
192.5 140.0
194.5 138.75
192.75 139.0
185.0 147.5
193.5 145.25
196.75 144.5
197.0 142.25
193.0 141.75
