67.0 31.0 165.5 165.5
130.25 67.25
140.75 61.5
155.25 62.0
163.25 65.25
172.5 63.0
173.25 63.5
172.75 64.25
171.75 70.75
166.25 76.5
172.75 74.25
179.0 81.0
190.75 91.0
201.75 102.75
170.5 118.75
183.0 119.0
190.25 118.0
187.75 117.25
184.25 112.5
128.0 84.75
145.5 83.25
146.0 83.0
150.75 82.0
147.75 83.25
140.0 85.0
165.75 83.5
169.5 82.75
172.5 83.25
169.5 83.75
173.5 84.25
170.0 83.5
159.0 155.5
172.0 146.75
186.0 137.25
193.25 136.0
193.5 133.25
189.75 136.0
180.25 143.25
176.25 147.25
186.25 143.25
190.25 140.75
185.0 142.25
175.25 164.0
188.5 164.25
191.5 161.75
187.5 155.5
170.5 164.5
186.25 169.25
193.5 168.25
193.0 163.75
186.0 154.0
