75.0 33.0 163.0 163.0
132.25 65.0
142.75 57.75
156.25 57.25
164.5 61.25
174.25 60.75
175.0 61.0
174.0 62.5
171.25 70.75
164.25 77.5
172.75 72.25
178.25 79.25
190.0 90.0
203.0 104.5
172.0 119.75
184.75 119.0
192.0 118.75
189.5 117.0
185.0 113.5
128.5 84.0
140.25 72.5
147.0 72.0
150.25 79.75
146.25 85.0
138.5 86.0
164.25 82.5
165.75 76.25
170.0 77.0
166.25 84.0
170.0 87.0
168.0 85.75
173.75 150.0
182.75 141.5
191.25 135.75
195.25 136.0
195.5 133.25
193.5 133.5
188.25 139.25
185.0 144.75
191.25 141.5
193.5 139.75
190.75 140.0
185.5 145.5
191.75 142.25
193.75 140.5
192.25 140.25
184.0 150.0
192.5 147.5
196.0 146.25
196.25 143.75
192.75 142.75
