72.0 43.0 152.5 152.5
120.75 82.5
134.25 79.25
152.25 82.75
162.25 87.25
180.0 84.25
183.5 83.75
188.0 81.5
189.25 85.75
185.0 87.75
172.25 97.75
175.5 107.0
182.0 122.5
187.0 138.75
149.25 142.75
163.75 146.5
172.5 147.5
173.75 144.5
176.75 136.25
115.25 98.0
133.0 101.75
138.25 99.25
145.5 99.0
138.0 101.25
127.0 102.0
170.5 100.5
176.75 99.75
181.75 100.25
182.0 98.0
182.5 101.75
176.5 101.0
127.5 171.0
141.75 168.5
159.25 164.75
169.25 165.5
173.25 161.75
173.5 160.5
167.0 161.5
147.0 169.75
159.25 169.5
168.0 167.0
167.75 164.0
141.0 184.0
155.75 188.25
162.25 186.25
165.25 177.0
135.75 182.75
150.25 192.5
160.0 193.5
165.0 187.75
166.25 174.5
