69.0 45.5 170.0 170.0
129.75 78.75
144.0 74.0
160.25 76.5
170.0 81.75
186.5 81.25
189.5 80.75
191.25 80.0
188.75 85.75
181.75 88.5
177.75 94.0
180.25 103.0
186.75 118.5
193.5 137.75
155.75 141.75
170.5 144.75
179.0 146.5
179.75 142.5
180.0 136.0
122.5 94.75
138.0 87.0
147.75 87.25
150.75 94.5
142.25 99.75
132.0 99.5
171.5 98.0
176.5 91.75
183.25 92.5
178.75 97.25
179.0 102.5
175.5 101.75
146.75 170.25
158.75 165.5
170.5 162.75
176.25 163.5
179.0 160.25
179.75 158.75
175.25 160.5
161.25 168.75
169.75 167.25
174.75 165.5
175.0 163.25
161.25 169.5
170.0 168.0
174.75 166.5
175.75 164.5
157.5 173.5
167.75 173.75
173.5 173.25
176.75 170.0
176.25 166.5
