55.5 30.0 168.0 168.0
115.25 60.25
128.25 55.75
146.25 58.5
156.5 63.25
174.0 64.75
177.25 66.25
180.25 67.25
180.5 74.0
176.75 82.25
169.0 74.0
173.5 80.5
182.75 91.75
192.5 105.0
156.5 119.75
171.25 121.5
180.0 121.25
180.25 122.0
178.5 120.25
112.75 80.75
125.5 70.5
137.0 71.75
142.75 80.75
134.25 85.0
123.25 84.5
167.0 86.75
169.75 80.0
176.5 81.75
174.0 89.25
176.0 92.75
172.0 90.75
149.0 151.0
160.75 143.25
173.75 138.0
180.75 140.0
183.5 137.5
185.25 140.25
182.25 148.0
165.75 147.5
175.5 145.5
181.0 145.0
182.25 147.25
165.75 148.5
176.0 146.25
181.5 146.0
183.0 147.25
162.5 152.75
175.0 152.25
182.0 152.5
185.5 151.25
184.5 150.75
