65.0 36.5 166.5 166.5
122.5 68.75
135.0 62.0
151.0 62.0
161.5 66.25
177.0 65.25
180.0 65.25
181.5 66.0
180.25 74.0
174.25 79.75
171.75 77.75
176.25 85.75
186.25 98.5
197.5 115.0
160.75 127.75
176.5 128.0
185.5 128.25
185.0 125.75
184.5 121.0
118.75 87.25
137.0 87.5
139.75 85.75
146.0 83.75
140.75 87.0
131.0 88.75
166.75 86.75
171.5 87.5
175.5 88.25
173.75 88.0
176.5 89.5
171.75 88.25
153.75 161.75
164.75 152.75
179.25 144.0
188.25 143.0
189.75 140.5
187.25 143.0
180.0 151.0
169.75 153.0
180.25 149.0
186.25 146.75
183.0 148.75
167.0 169.75
181.0 170.25
185.5 168.0
184.0 162.0
162.5 170.25
177.25 175.0
186.0 174.25
187.75 169.75
183.75 160.5
