63.0 25.0 175.0 175.0
132.0 60.25
143.5 54.75
157.5 56.5
166.25 62.0
177.75 64.25
179.0 65.5
178.75 68.0
176.25 77.0
169.25 83.75
174.5 74.5
179.25 81.5
190.0 93.0
202.0 108.25
167.75 120.25
182.0 121.5
189.75 122.25
188.0 121.25
185.25 118.5
127.0 79.5
144.75 80.0
145.5 80.25
150.75 79.0
147.25 80.75
139.0 81.0
166.75 86.25
170.5 87.75
173.5 89.5
170.5 90.25
174.25 90.5
171.0 88.25
161.5 155.0
172.0 145.5
185.5 136.75
193.25 136.5
193.25 135.25
189.25 139.5
181.0 149.25
176.25 146.25
186.0 142.5
190.0 141.5
185.0 145.5
174.25 163.25
187.0 164.25
190.0 163.0
186.5 158.75
170.25 163.5
184.25 168.5
191.5 168.5
191.5 165.25
185.75 158.0
