69.5 37.0 166.0 166.0
130.5 64.0
143.5 60.5
159.25 64.25
167.75 69.5
180.5 70.75
181.75 71.75
182.0 71.75
179.25 77.25
173.5 84.5
177.75 80.5
182.25 87.5
191.5 99.75
201.0 113.75
165.5 125.5
179.0 127.75
186.75 127.75
185.25 127.75
181.25 125.0
125.25 84.25
138.75 74.75
148.5 76.25
152.5 85.5
145.5 89.75
135.75 88.75
170.5 91.0
172.5 84.0
176.5 85.5
172.5 92.0
176.0 96.25
174.0 94.75
157.75 155.75
169.5 148.75
181.25 144.0
186.5 145.75
188.25 143.25
187.5 144.75
181.5 151.0
173.0 152.75
181.5 150.75
185.25 150.25
183.75 151.0
173.25 153.75
182.25 151.75
185.75 151.25
185.25 151.5
170.5 158.0
181.75 157.5
187.0 157.5
188.75 156.0
185.5 154.75
