49.0 22.0 180.0 180.0
125.0 62.0
137.75 58.0
154.25 61.0
163.25 65.75
177.25 66.75
179.0 68.0
179.75 68.5
178.0 74.5
173.0 82.25
174.5 76.25
179.25 83.0
189.25 94.25
199.5 107.75
164.25 121.75
178.25 123.25
186.25 123.0
185.0 123.25
181.25 121.25
121.25 82.5
134.0 72.25
144.25 73.75
149.25 82.75
142.0 87.0
132.0 86.5
168.75 88.0
170.5 81.25
175.25 82.5
171.75 89.5
175.25 93.5
172.75 91.75
158.0 152.5
169.25 144.75
181.25 139.5
187.0 141.0
188.75 138.5
188.75 140.75
183.5 147.75
173.5 148.75
182.25 146.5
186.25 145.75
185.25 147.25
173.75 149.75
182.75 147.5
186.75 146.75
186.5 147.5
171.0 154.0
182.5 153.25
188.25 153.25
190.25 151.5
187.5 150.75
