55.5 32.0 172.0 172.0
112.75 69.25
125.5 62.0
142.75 61.25
154.5 65.0
173.25 63.25
177.25 63.0
180.5 63.75
181.25 71.75
176.25 77.75
166.75 76.25
171.25 84.25
181.0 97.0
192.5 113.75
154.75 127.25
171.75 127.5
181.5 127.5
182.25 125.0
183.5 119.75
110.75 87.75
129.25 87.25
133.5 85.5
140.25 83.25
133.75 86.75
123.0 88.75
165.0 85.5
170.5 86.0
175.5 86.75
175.0 86.25
176.25 88.0
170.75 86.75
149.0 161.75
159.5 152.5
174.5 143.5
184.75 142.5
187.25 139.75
186.25 142.25
180.75 150.5
165.25 153.0
176.25 148.75
184.0 146.25
182.25 148.25
163.0 170.0
178.0 170.5
183.75 168.0
183.75 161.75
158.25 170.5
173.75 175.25
183.75 174.25
186.75 169.75
184.0 160.25
