71.0 43.0 167.5 167.5
116.5 77.75
130.75 72.0
148.25 73.25
160.0 78.0
180.5 76.25
185.0 75.5
188.75 74.75
188.75 81.0
183.25 84.75
170.75 90.0
173.75 99.0
180.75 114.5
188.5 133.75
149.0 140.0
166.0 142.25
175.5 143.5
177.5 139.75
180.5 132.75
112.0 94.5
130.5 97.0
135.75 94.25
143.0 92.25
135.5 96.25
124.0 97.75
168.75 95.0
174.5 95.75
179.75 96.25
179.75 94.5
180.25 97.75
174.5 96.75
138.0 170.75
149.5 164.5
165.75 158.5
176.0 158.25
179.25 155.25
178.5 155.5
172.5 160.5
155.0 165.25
166.75 163.0
175.0 160.5
174.0 160.0
150.0 180.5
164.5 183.0
171.0 180.5
172.75 173.0
145.25 180.5
159.5 187.25
169.5 187.25
173.75 182.0
173.5 171.0
