74.0 39.0 162.0 162.0
133.75 64.5
145.0 59.5
159.25 61.25
166.75 65.25
175.75 64.75
175.75 65.25
174.0 65.25
170.25 70.75
164.5 78.25
176.5 74.5
182.0 81.0
193.25 91.5
204.5 104.0
172.75 120.0
185.25 120.25
192.0 119.25
189.25 119.25
183.5 117.25
130.0 85.0
141.75 74.0
149.75 74.25
153.75 82.75
149.25 87.75
140.75 88.25
167.25 85.5
167.75 78.5
170.0 79.25
166.0 85.75
171.25 89.75
170.5 88.75
170.5 150.5
180.5 142.0
190.0 135.5
194.5 136.25
194.75 133.75
192.5 135.25
185.75 141.75
183.75 145.25
190.75 142.0
193.0 140.75
189.5 141.75
184.0 146.0
191.25 142.75
193.5 141.5
191.5 142.0
182.25 150.5
192.25 148.5
196.25 147.75
196.5 145.75
191.75 144.75
