74.5 33.0 163.0 163.0
134.5 63.75
144.5 56.5
157.25 56.25
165.0 60.25
173.25 60.0
173.75 60.5
172.0 62.25
169.0 70.5
161.75 77.5
172.75 71.25
178.25 78.0
190.5 88.5
203.75 102.25
173.5 118.25
186.0 117.25
193.0 117.0
190.0 115.5
185.0 112.25
131.0 83.0
147.75 81.5
147.0 80.75
151.0 78.75
149.25 81.5
142.75 83.25
163.5 82.25
166.5 83.0
168.75 83.75
164.75 84.5
169.75 85.0
167.25 83.5
171.0 152.5
180.0 142.0
191.25 131.75
197.5 130.25
196.5 128.5
191.5 132.25
183.25 142.0
183.75 142.0
191.75 137.0
194.0 135.0
188.0 138.5
183.5 158.75
194.5 157.5
196.0 155.25
190.75 151.0
180.0 159.75
193.0 162.25
198.75 160.75
197.25 157.0
189.25 150.0
