67.0 38.5 165.0 165.0
130.25 72.5
142.5 65.5
157.25 65.25
166.5 69.0
179.0 66.75
180.75 66.25
180.75 66.25
178.25 73.25
171.25 78.5
175.0 79.75
179.5 87.75
190.0 100.5
201.25 117.0
166.25 130.0
180.5 129.5
188.5 129.5
187.25 126.5
185.0 121.0
125.5 90.75
143.5 90.75
145.0 88.25
150.25 85.75
146.25 89.75
137.75 92.0
167.5 87.25
171.5 87.75
174.5 88.25
171.75 87.25
175.5 89.5
171.75 88.5
159.25 163.0
169.75 154.0
183.5 145.25
191.25 143.5
191.75 140.75
187.75 142.5
179.75 149.75
174.0 154.0
183.75 149.75
188.25 146.75
183.5 148.0
171.5 170.25
184.0 170.0
187.5 167.25
184.5 160.75
167.5 171.0
181.0 174.75
188.5 173.25
189.0 168.5
183.75 159.25
