56.0 38.0 168.0 168.0
129.75 68.0
142.0 62.75
155.75 64.25
165.75 72.75
179.75 76.0
182.5 74.75
184.5 75.75
183.5 83.25
179.0 88.25
174.75 91.25
178.75 100.25
186.25 115.5
191.5 131.5
158.0 137.0
171.5 140.0
179.25 141.0
179.5 139.5
179.75 136.25
127.25 89.0
139.75 80.5
149.0 81.75
152.75 92.25
145.5 95.0
136.25 93.75
172.75 97.25
176.25 89.75
181.75 91.25
178.75 96.75
179.75 101.25
176.75 100.0
153.5 168.0
163.0 161.75
173.75 157.0
178.5 158.5
181.0 155.75
181.75 157.5
177.75 162.75
164.75 165.75
171.5 164.25
175.5 163.25
176.75 163.5
164.5 166.75
171.75 165.5
175.5 164.75
177.0 164.25
161.25 171.0
170.25 172.25
174.5 173.0
177.5 170.25
177.75 167.5
