82.0 47.5 154.5 154.5
141.75 71.5
151.5 64.75
162.75 64.25
170.5 71.25
178.75 71.75
179.0 70.0
177.75 70.0
174.75 76.5
169.0 81.5
178.75 87.75
184.0 96.0
193.75 110.0
201.25 124.25
171.75 134.0
182.75 135.0
189.0 134.5
187.25 132.5
183.75 128.75
140.5 92.5
151.0 82.5
157.5 82.25
160.25 91.5
156.25 95.5
149.0 96.0
172.0 92.5
173.5 84.5
176.25 85.0
172.5 90.25
175.75 94.75
174.75 94.5
170.75 164.0
178.75 156.5
187.25 150.25
190.25 151.0
191.25 147.75
189.75 148.75
184.25 153.5
179.25 159.75
184.5 157.0
186.75 155.5
185.5 154.75
179.25 160.75
184.75 158.25
186.75 156.5
186.25 155.5
177.5 165.5
184.5 164.75
187.5 164.5
188.25 161.25
186.5 158.5
