54.0 38.5 185.0 185.0
116.0 77.25
128.5 70.0
144.0 69.25
156.0 76.0
174.0 75.5
178.0 72.75
182.25 71.5
183.75 77.75
180.5 82.25
168.0 93.25
172.0 102.75
179.75 119.0
185.25 135.5
152.0 142.0
166.25 144.0
174.5 144.25
176.25 141.5
178.25 136.25
116.0 98.0
128.25 88.25
138.75 87.5
144.5 96.75
136.0 101.5
125.5 101.75
169.75 96.5
173.5 87.75
181.0 87.5
179.25 92.5
179.0 98.25
174.75 98.5
149.5 172.25
158.5 166.0
169.25 160.75
175.0 161.5
177.75 158.25
180.0 158.5
178.25 162.25
161.0 169.0
168.5 167.0
173.0 165.5
176.0 164.0
161.0 170.0
168.75 168.25
173.25 166.75
175.75 165.25
158.0 174.5
167.25 175.0
172.25 175.25
175.75 171.75
177.25 168.0
