77.0 46.5 154.5 154.5
131.75 62.0
141.25 55.5
153.0 55.0
162.5 62.0
172.25 64.5
173.0 63.75
172.75 65.5
171.5 73.75
167.0 80.25
173.25 78.5
179.5 85.75
191.0 97.75
200.5 111.0
171.0 123.5
183.0 124.0
189.75 123.5
188.25 122.75
185.25 121.0
133.25 83.0
143.0 72.5
150.25 73.0
154.5 82.75
150.25 85.75
142.5 86.0
169.0 86.5
169.75 79.25
173.5 80.5
170.75 86.75
174.25 90.0
172.25 89.0
174.0 154.5
181.25 146.0
189.5 139.5
193.5 140.25
194.25 137.5
193.5 139.75
189.25 147.0
182.75 150.25
188.25 147.5
190.75 146.25
190.0 147.0
183.0 151.0
188.75 148.5
191.0 147.5
190.75 147.5
181.25 156.0
189.25 155.25
192.5 155.25
193.5 152.5
191.75 150.75
