55.5 46.0 164.5 164.5
119.75 74.75
133.75 71.25
152.0 74.75
162.0 79.5
180.5 78.0
183.75 77.5
187.0 75.25
186.5 78.75
181.75 84.5
173.5 90.25
176.75 98.75
184.0 113.25
191.0 129.75
153.0 137.0
168.0 140.5
176.75 140.75
176.75 139.25
176.75 134.0
115.0 93.5
133.25 97.5
139.0 95.75
145.75 94.0
138.75 97.5
127.0 98.0
170.25 96.75
175.25 97.25
179.5 97.5
177.75 94.75
180.0 99.25
175.25 98.5
137.25 168.5
149.25 161.5
166.5 155.0
176.5 155.5
179.0 152.75
178.0 154.5
170.5 160.0
155.5 163.0
167.75 160.75
175.5 159.0
173.25 159.25
150.0 178.5
165.0 181.25
170.75 179.5
172.0 172.5
145.25 178.25
160.25 186.0
170.25 186.5
173.75 181.75
172.5 171.0
