62.5 39.5 159.0 159.0
114.5 67.5
126.0 60.0
140.75 58.75
153.0 65.25
169.5 65.75
173.0 64.25
176.5 64.75
178.5 72.5
175.75 78.75
166.5 81.75
171.5 90.0
181.25 103.75
189.0 118.75
156.5 130.5
171.0 131.25
179.25 130.75
180.25 129.25
181.5 126.0
116.25 88.5
127.25 77.75
137.5 77.25
144.0 87.0
136.0 91.0
126.0 91.5
167.75 88.5
170.25 80.25
177.25 80.75
176.0 86.75
176.75 91.25
172.75 90.5
157.75 162.25
166.0 154.25
176.25 147.75
182.0 148.75
184.25 145.5
186.25 147.0
184.75 153.25
169.0 158.25
176.0 155.5
180.5 154.0
182.75 154.0
169.0 159.0
176.5 156.75
180.75 155.25
182.75 154.75
166.5 164.0
176.0 163.75
180.75 163.75
184.0 160.75
184.75 158.0
