66.0 40.0 168.0 168.0
142.25 68.5
154.75 65.75
168.5 70.5
175.25 75.75
185.0 77.0
185.0 77.5
183.5 76.5
179.25 81.25
172.0 87.25
183.0 87.0
187.0 94.75
195.5 107.5
204.0 122.0
168.5 131.0
181.25 134.0
188.5 134.0
185.75 133.75
181.25 130.0
134.5 87.75
152.25 91.75
153.75 91.25
159.0 90.25
155.25 92.5
146.75 92.0
172.5 95.5
175.0 96.5
176.5 97.5
172.0 95.75
177.25 99.0
175.5 97.5
153.75 163.0
166.0 155.0
181.75 147.75
189.0 148.25
189.0 146.25
183.25 149.5
172.0 157.0
171.0 156.5
181.5 153.5
185.25 152.5
178.25 154.75
166.0 172.5
178.25 174.5
181.25 173.25
177.75 167.75
162.0 172.5
175.5 179.0
182.75 179.5
182.5 175.75
176.75 166.5
