72.0 33.5 168.0 168.0
135.75 65.75
146.75 60.5
160.5 62.0
167.75 65.75
175.75 64.75
175.5 65.25
173.25 64.75
169.25 70.0
163.25 77.5
177.0 75.0
182.5 81.5
193.75 92.0
205.25 104.25
173.5 120.75
186.0 120.75
192.75 119.25
189.5 119.25
183.75 116.75
132.0 86.25
150.0 86.25
150.5 85.25
154.75 83.25
152.5 86.25
144.5 87.75
167.25 85.5
169.75 86.0
170.75 86.5
165.5 85.75
172.0 87.75
170.5 86.75
166.5 155.0
176.75 144.5
189.75 134.0
196.5 132.75
195.5 130.75
190.0 135.0
180.25 145.0
181.5 144.75
190.75 139.5
193.25 137.75
186.25 141.5
180.0 161.25
192.0 160.5
194.0 158.5
188.75 154.0
176.5 162.25
190.75 165.25
197.0 164.25
195.5 160.75
187.25 153.25
