171.5 157.5 26.5 26.5
143.5 64.0
154.75 60.75
167.5 64.5
173.75 69.75
181.0 71.0
180.25 72.0
177.5 72.0
172.75 77.5
165.75 84.5
181.5 80.25
186.25 87.25
196.0 98.5
206.25 111.75
173.75 123.75
185.75 125.75
192.25 125.25
188.75 125.5
183.0 123.25
137.25 84.0
154.75 86.25
155.0 86.25
159.25 85.25
157.0 87.25
149.5 87.0
170.0 90.75
172.0 92.0
172.75 93.0
167.5 92.25
173.75 94.25
172.75 92.75
163.0 157.25
174.25 147.75
188.0 139.0
194.5 139.0
193.5 137.5
187.25 142.0
176.0 151.25
179.0 148.75
188.25 145.0
190.5 144.25
183.0 148.0
175.75 165.25
187.25 166.25
189.0 165.0
183.75 160.75
172.25 165.5
185.75 170.75
191.75 170.75
190.0 167.75
182.5 160.0
