60.5 36.0 166.0 166.0
123.75 64.75
134.75 58.0
148.5 57.5
159.25 64.75
173.0 66.75
175.5 65.75
177.25 66.75
177.5 74.75
173.75 81.0
171.0 81.75
176.5 89.75
186.5 103.25
194.5 117.75
161.5 128.75
175.75 130.0
183.75 129.75
183.5 128.5
183.75 126.0
124.5 86.0
141.5 87.0
144.0 86.25
149.75 85.75
145.0 87.25
135.75 88.0
170.0 89.25
174.0 89.25
177.5 90.25
175.75 89.5
178.25 91.25
174.5 90.0
156.25 160.75
166.25 152.0
179.5 144.0
186.5 144.5
188.0 141.75
187.0 144.5
181.25 152.75
169.75 154.75
178.75 151.5
183.75 150.0
182.5 151.5
168.5 163.0
180.5 162.0
184.5 160.5
183.75 157.75
164.25 166.0
177.5 168.5
184.75 168.75
186.25 165.0
184.0 159.25
