64.0 45.0 175.0 175.0
117.75 62.25
132.25 58.75
150.25 62.25
161.0 72.5
175.25 75.0
178.5 73.25
184.25 74.75
188.0 82.25
185.75 87.5
170.0 93.25
173.25 102.5
179.0 117.5
183.0 135.0
151.75 140.25
164.25 144.75
171.5 145.5
173.5 144.5
176.5 139.75
117.0 87.0
131.75 77.0
145.0 80.25
151.75 94.0
140.25 94.75
128.0 92.75
173.25 98.0
178.25 88.5
186.5 89.0
183.75 95.75
184.5 101.0
179.5 100.5
141.5 168.25
154.5 163.25
166.25 159.75
172.0 161.75
174.5 158.75
176.0 159.5
173.25 164.0
157.5 167.25
165.5 166.25
170.0 165.5
171.25 165.0
157.5 168.25
165.75 167.5
170.0 166.75
171.5 166.0
153.5 172.5
163.75 174.0
169.0 175.0
171.75 172.5
172.25 169.25
