67.0 43.0 170.0 170.0
124.0 70.75
136.25 64.75
151.0 65.25
161.75 73.25
177.25 75.0
180.75 73.5
183.5 73.5
183.75 80.75
179.75 85.75
172.0 91.25
176.0 100.5
183.75 116.0
189.0 132.25
154.5 138.5
169.0 141.0
177.25 141.5
178.25 139.75
180.0 135.75
122.25 91.75
139.25 95.0
143.0 93.5
149.25 93.25
143.5 95.0
133.5 95.25
171.75 96.5
176.5 96.5
180.5 97.5
179.5 95.5
181.0 98.75
176.75 97.5
145.5 168.25
156.25 161.5
170.5 155.5
178.0 156.75
180.25 153.5
180.0 155.25
174.25 161.0
159.75 164.5
169.25 162.25
175.0 161.0
174.75 161.0
157.25 172.0
169.5 172.5
174.25 171.25
175.0 167.5
152.5 174.5
165.5 178.75
173.0 179.5
176.0 175.5
175.5 168.5
