69.0 51.5 160.5 160.5
138.75 76.75
150.5 71.25
163.5 72.25
172.0 80.0
183.25 81.25
185.25 79.25
185.75 78.5
183.25 84.25
177.5 88.0
179.0 97.75
182.5 107.25
189.75 123.0
194.25 139.0
161.25 143.5
174.0 146.0
181.0 146.75
180.5 144.25
180.25 139.25
134.75 97.5
151.0 101.5
152.75 99.25
158.0 98.75
154.0 101.25
145.5 101.5
174.5 101.0
178.0 100.75
180.75 101.25
178.5 98.5
181.25 102.5
178.5 101.75
149.75 171.5
160.75 165.5
174.5 160.25
180.75 161.0
182.25 157.75
179.75 158.25
172.0 162.5
163.25 168.0
172.0 166.0
176.25 164.25
174.0 163.25
160.5 175.25
171.25 175.5
174.75 174.0
174.0 169.5
156.0 177.5
167.75 181.25
173.75 181.75
175.25 177.25
173.5 170.0
