63.5 32.5 166.5 166.5
123.25 61.5
133.75 55.0
147.25 54.5
158.0 61.75
171.5 64.25
173.5 63.75
175.25 65.5
175.5 74.0
172.0 80.75
170.25 78.5
175.75 85.75
186.5 98.25
195.25 112.0
163.0 124.5
177.25 125.25
185.0 125.0
184.75 124.5
184.5 122.5
124.5 82.5
141.5 83.25
143.75 83.0
149.5 82.75
144.75 83.5
135.75 84.25
169.0 87.0
173.0 87.25
176.25 88.25
174.25 88.25
177.25 89.5
173.5 88.0
159.0 156.75
168.5 147.5
181.5 139.25
188.5 139.5
189.75 137.0
188.75 140.75
183.25 149.75
172.25 150.5
181.0 147.0
185.75 145.75
184.5 148.25
171.5 158.75
183.25 157.5
187.0 156.5
186.0 154.25
167.25 162.0
180.75 164.0
187.75 164.25
189.0 161.0
186.25 156.0
