67.5 34.0 155.5 155.5
119.25 63.25
130.0 56.25
144.0 55.25
155.5 62.0
170.0 63.75
172.75 63.0
175.0 64.25
176.25 72.75
173.0 79.25
168.25 78.5
174.0 86.25
184.5 99.0
193.25 113.0
160.25 125.75
175.0 126.5
183.0 125.75
183.25 125.0
183.75 122.75
121.0 84.25
138.0 84.75
141.0 84.25
147.0 83.5
141.75 84.75
132.25 85.75
168.25 86.75
172.75 86.5
176.25 87.5
174.75 87.25
177.25 88.75
173.0 87.5
156.75 158.25
166.25 148.75
179.25 140.25
186.75 140.5
188.25 138.0
187.75 141.25
183.0 150.0
170.25 151.75
179.25 148.0
184.25 146.75
183.75 148.5
169.25 160.0
181.5 158.75
185.5 157.25
185.25 154.75
165.0 163.25
178.75 165.25
186.25 165.5
188.0 161.75
185.75 156.5
