76.0 47.0 148.0 148.0
117.25 60.0
130.0 54.0
146.5 55.0
157.5 63.0
168.75 63.75
170.5 62.25
174.0 63.5
177.5 70.75
174.75 76.75
169.5 81.25
175.0 89.25
184.5 101.75
193.0 116.75
165.0 129.0
177.0 130.75
183.25 130.25
183.75 129.5
183.75 125.0
121.5 84.25
133.5 71.75
145.5 73.0
153.5 85.25
144.75 87.25
133.75 87.25
170.75 86.75
172.5 77.25
178.25 76.75
176.0 84.25
179.75 88.25
176.0 88.0
162.0 158.5
173.0 150.5
182.5 144.75
187.5 145.5
188.5 142.5
188.5 143.75
185.0 149.75
176.0 154.25
182.5 151.5
185.5 150.25
184.75 150.5
176.25 155.0
183.0 152.5
186.0 151.5
185.75 151.0
173.75 160.0
183.25 159.25
187.5 159.25
188.75 156.75
186.5 154.5
