66.0 54.0 160.5 160.5
135.0 69.75
148.75 66.5
164.0 70.0
172.0 79.5
181.75 80.75
183.5 78.5
186.0 78.75
186.5 84.75
181.5 88.25
178.0 99.5
181.0 108.75
186.5 124.0
190.25 140.5
161.25 145.5
171.5 149.25
177.25 149.5
177.75 147.75
178.25 142.0
132.5 94.5
147.5 85.0
158.0 87.75
162.0 100.25
153.75 102.25
143.5 100.5
176.5 102.0
181.0 92.5
185.75 91.75
181.25 97.25
184.0 103.5
181.0 103.75
150.75 172.25
163.25 167.25
173.25 163.5
177.0 164.5
178.5 161.25
177.75 160.75
172.25 163.5
164.75 170.5
171.0 168.75
173.75 167.5
172.5 165.75
164.5 171.25
171.25 169.75
173.75 168.75
173.25 166.75
161.25 175.75
169.75 176.25
173.5 176.5
174.75 173.5
173.0 169.5
