74.5 45.5 151.5 151.5
123.25 63.25
133.25 56.0
146.25 54.75
157.0 61.0
169.5 62.5
171.25 61.5
172.5 63.0
172.5 71.0
169.0 77.75
169.75 77.0
176.0 84.25
187.5 96.5
197.0 109.75
165.75 123.75
179.5 123.75
187.0 122.75
186.25 122.0
185.25 119.75
125.75 84.25
142.5 84.0
144.25 83.5
149.75 82.75
145.75 84.0
137.25 85.25
168.0 85.25
171.75 84.75
174.75 85.75
172.25 85.25
175.75 86.75
172.25 85.75
163.5 156.0
172.5 146.25
184.75 137.25
191.5 137.0
192.25 134.25
190.75 137.75
185.25 146.5
176.25 149.0
184.5 144.75
188.5 143.25
186.75 145.0
175.75 157.0
187.0 155.0
190.5 153.5
188.75 151.25
171.75 160.5
185.0 161.75
191.75 161.25
192.5 157.75
189.0 152.75
