75.0 42.0 152.5 152.5
114.25 62.25
127.25 56.25
144.5 57.0
156.25 64.75
168.75 65.0
171.0 63.25
175.25 64.0
179.25 70.75
177.0 76.5
168.5 83.25
173.5 91.5
182.75 104.75
190.5 120.25
161.75 132.0
174.25 134.0
181.0 133.25
181.75 132.25
182.5 127.25
118.0 86.75
130.75 74.25
143.25 75.25
151.5 87.5
142.0 90.0
130.25 90.25
170.5 88.0
173.0 78.25
179.75 77.5
177.75 84.75
180.75 89.0
176.5 89.25
157.75 161.5
169.25 153.75
179.5 148.0
184.75 148.75
186.0 145.5
186.75 146.5
183.75 151.75
172.5 157.25
179.5 154.75
183.0 153.25
183.0 153.0
172.75 158.25
180.0 155.75
183.25 154.5
183.75 153.75
170.0 163.25
179.75 162.5
184.5 162.5
186.0 159.75
184.75 156.75
