72.0 42.5 150.5 150.5
149.75 76.25
159.75 70.5
170.5 71.0
176.75 78.25
183.5 79.0
183.5 77.0
181.75 76.25
177.5 82.0
171.0 86.0
182.0 95.0
186.25 104.0
194.5 118.75
200.25 133.75
170.0 140.5
180.75 142.0
186.75 142.0
184.75 139.75
181.5 135.0
145.75 96.75
161.0 100.0
160.25 97.75
164.25 97.0
162.5 99.5
156.0 100.5
174.25 98.5
176.5 98.0
177.75 98.25
174.0 96.0
178.5 99.75
177.0 99.0
159.75 168.75
170.25 161.75
182.25 155.5
187.25 155.75
187.25 152.5
183.25 153.25
173.75 158.25
171.75 164.0
179.25 161.25
181.75 159.25
177.5 158.75
169.5 171.25
178.75 170.75
180.75 168.75
178.0 164.75
165.75 174.0
176.0 176.5
180.75 176.5
180.75 172.25
176.75 165.25
