75.0 44.5 149.5 149.5
140.0 66.25
151.75 62.0
165.0 64.75
172.5 73.75
179.5 74.75
180.0 72.75
180.5 73.25
180.25 79.5
174.5 83.75
179.0 92.75
183.0 101.5
190.5 115.25
196.0 131.0
169.75 139.25
179.0 141.75
183.75 141.5
183.0 140.0
181.5 134.75
139.25 91.0
152.5 80.5
161.25 82.5
165.0 95.0
159.25 97.0
150.25 96.0
175.5 96.25
178.0 86.75
181.0 86.25
176.0 92.25
180.75 97.5
179.25 97.75
162.75 166.75
173.75 160.25
182.25 155.5
185.25 156.25
185.75 153.0
183.5 153.25
177.25 157.25
174.75 163.5
180.0 161.25
181.75 159.75
178.75 158.75
174.75 164.5
180.25 162.25
181.75 161.0
180.0 159.75
172.5 169.0
180.0 168.75
182.75 168.75
183.0 165.75
179.5 162.5
