69.5 38.0 160.5 160.5
131.0 66.0
141.75 59.5
154.5 59.5
164.25 67.0
175.75 69.0
177.25 67.75
178.0 68.75
177.0 76.5
172.25 82.25
174.5 84.0
179.75 92.0
190.0 105.75
197.75 120.25
165.5 130.5
178.75 131.75
186.25 131.5
185.25 130.25
184.25 127.25
131.0 87.0
147.5 88.75
149.0 87.75
154.25 87.5
150.5 89.0
142.25 89.5
171.25 91.0
174.75 90.75
177.5 91.75
175.0 90.75
178.25 93.0
175.25 91.75
159.5 161.75
169.5 153.25
182.25 145.75
188.75 146.0
189.5 143.25
187.5 145.75
180.75 153.5
172.5 156.0
181.0 152.75
185.0 151.25
182.75 152.5
171.0 164.0
182.25 163.0
185.5 161.75
184.0 158.75
167.0 167.0
179.5 169.5
186.0 169.75
187.0 165.75
183.75 160.0
