96.0 46.5 141.5 141.5
129.75 65.0
139.75 58.0
152.25 57.25
162.25 64.25
173.5 66.0
174.75 65.0
175.0 66.0
174.25 73.75
169.75 80.0
173.25 80.75
179.0 88.5
190.0 101.5
198.75 115.25
167.5 127.25
180.5 128.0
187.75 127.25
186.75 126.25
185.0 123.5
130.5 86.0
147.25 86.75
148.5 86.0
153.5 85.25
150.0 86.75
142.0 87.75
170.0 88.25
173.25 88.0
176.0 88.75
173.25 88.0
177.0 90.0
173.75 88.75
163.25 159.0
172.75 149.75
185.0 141.5
191.25 141.75
191.75 138.75
189.75 141.75
183.0 150.0
175.75 152.5
184.0 149.0
187.75 147.25
185.25 148.75
174.75 160.5
185.75 159.0
188.75 157.5
186.75 154.75
171.0 163.75
183.5 165.5
189.75 165.5
190.25 161.75
186.75 156.25
