73.0 48.0 160.5 160.5
140.75 69.75
152.5 64.5
165.5 66.25
172.5 74.5
179.25 74.25
179.5 72.0
179.5 71.5
179.0 77.25
173.0 81.0
179.25 93.0
183.25 101.5
191.0 115.25
196.75 130.75
171.25 139.75
180.25 141.5
184.75 141.0
183.75 139.25
182.0 133.5
140.5 94.25
153.5 83.0
162.0 84.25
165.75 96.0
160.5 99.0
151.75 98.75
175.25 95.5
177.5 85.75
180.0 84.25
175.0 89.75
180.0 95.5
178.75 96.5
164.75 167.25
175.5 160.25
183.5 155.0
186.25 155.25
186.5 152.0
184.0 151.5
177.5 155.0
176.25 163.0
181.25 160.5
182.75 158.75
179.5 157.0
176.5 164.0
181.75 161.5
183.0 159.75
180.75 158.0
174.25 168.75
181.5 167.75
184.0 167.5
184.0 164.25
180.25 160.5
