78.0 42.0 154.0 154.0
130.75 59.75
141.25 54.0
154.5 55.0
163.25 62.75
170.0 63.5
170.0 62.0
170.5 63.25
171.25 70.25
166.5 76.25
173.5 80.5
179.25 88.0
189.5 99.75
198.5 113.75
174.75 126.5
184.25 127.75
189.0 126.75
187.75 126.0
185.0 122.0
135.0 84.0
145.75 71.5
154.5 72.5
160.5 84.5
155.75 86.5
147.0 86.75
170.75 85.75
171.0 76.5
173.75 76.25
170.0 83.5
175.75 87.0
174.5 87.0
174.0 155.0
183.25 146.5
190.5 140.5
193.5 141.25
193.25 138.25
191.0 139.5
185.5 145.5
185.0 150.0
189.5 147.0
190.75 145.75
187.5 146.25
185.25 150.75
190.25 148.0
191.25 147.0
189.0 146.75
184.0 155.75
191.25 154.25
194.0 154.25
193.25 151.75
189.0 149.75
