76.0 43.5 149.0 149.0
139.5 69.0
150.0 62.75
163.0 63.5
169.75 69.0
176.75 67.75
177.25 66.75
176.25 65.0
173.5 70.75
166.75 76.75
175.5 83.25
180.75 91.5
190.75 102.0
199.0 113.25
173.25 126.5
182.75 125.0
188.25 124.25
186.75 123.0
184.75 120.25
137.25 92.25
155.0 91.25
154.75 89.5
159.5 88.25
157.0 90.75
149.75 93.0
171.25 88.25
174.0 87.25
175.5 87.5
170.75 86.75
176.5 88.75
174.5 88.25
171.75 159.25
179.5 151.75
188.5 143.5
192.75 142.75
192.5 139.75
188.75 143.0
181.5 149.5
181.75 153.5
187.25 150.5
189.0 148.25
185.25 149.0
180.0 162.25
186.25 161.5
188.0 159.5
185.25 156.25
178.0 165.25
187.25 167.5
191.0 167.75
190.5 163.25
185.25 157.0
