74.5 45.0 162.0 162.0
133.25 79.75
147.25 73.75
161.25 74.5
169.5 80.0
180.75 77.5
182.5 75.5
182.75 73.5
180.0 78.5
175.0 82.25
176.75 94.25
181.5 103.25
190.0 114.75
196.25 128.75
163.0 140.0
175.25 139.0
182.0 138.5
181.0 136.5
180.5 132.25
133.75 99.0
146.5 89.75
155.5 89.5
159.5 98.0
153.25 102.5
144.0 103.0
175.25 97.75
178.25 88.75
181.5 88.0
177.25 92.75
181.25 98.5
179.5 99.0
158.25 169.5
169.0 163.75
178.75 158.25
183.0 158.75
184.5 155.25
183.5 155.25
178.25 157.75
170.5 166.5
176.75 164.0
180.0 162.0
179.0 160.25
170.5 167.25
177.0 165.0
180.0 163.0
179.75 161.25
167.75 171.5
175.75 171.0
179.25 170.5
181.25 167.25
180.0 163.5
