46.0 35.5 180.0 180.0
125.25 74.0
138.25 68.25
155.5 69.5
164.75 75.75
178.0 74.0
180.75 72.75
184.0 70.0
184.0 75.25
178.75 80.25
172.5 90.5
176.25 99.75
184.0 112.5
190.5 125.75
159.25 135.5
172.0 135.25
179.5 135.25
180.25 133.25
182.5 129.5
122.25 96.75
141.0 97.75
144.5 95.25
151.5 94.25
145.0 97.25
134.75 99.0
172.75 94.25
177.75 93.25
181.25 93.5
179.0 91.5
182.0 95.0
178.0 94.5
154.75 168.25
163.75 162.0
175.25 155.0
181.75 154.75
183.75 151.5
182.25 154.0
176.25 158.75
167.25 164.0
174.5 161.75
179.25 159.5
178.0 159.25
164.5 172.25
172.75 172.75
176.75 170.75
177.0 166.5
161.5 175.0
171.75 179.25
177.5 180.0
179.75 175.0
177.75 167.5
