55.5 32.5 185.0 185.0
128.75 70.25
142.5 66.75
159.75 70.75
168.25 78.75
182.0 80.0
185.0 79.5
189.0 78.25
188.75 84.0
183.25 89.0
174.25 95.0
176.5 104.5
182.75 117.75
187.25 131.75
154.75 137.25
167.75 139.0
175.0 140.25
176.5 139.0
179.5 136.25
122.75 92.5
141.25 96.0
145.5 95.0
152.75 95.5
145.5 96.75
134.75 96.5
174.5 100.25
180.0 100.25
183.5 101.25
181.75 99.5
184.0 102.75
180.0 101.25
145.75 169.75
155.5 164.75
168.25 159.5
174.75 160.5
177.5 158.0
175.75 160.75
169.75 165.25
158.75 167.5
166.5 166.5
171.75 165.25
170.75 165.75
155.0 175.75
163.25 177.75
168.0 176.75
168.75 173.0
151.5 178.0
161.5 183.75
167.25 185.75
170.5 181.5
169.5 174.0
