51.0 28.0 185.0 185.0
114.5 68.75
128.5 62.0
144.25 62.0
155.5 67.75
171.25 66.75
174.25 65.75
177.5 66.0
178.75 73.75
175.75 79.25
167.0 82.5
172.75 90.75
182.25 100.75
190.25 114.0
155.5 129.0
170.0 128.0
178.5 127.5
179.0 126.75
180.75 124.5
118.0 88.25
129.5 77.75
140.75 77.75
147.75 87.0
139.25 90.5
128.75 91.0
170.25 89.25
173.5 80.75
179.25 81.5
177.25 88.0
180.0 91.75
176.25 91.0
153.75 160.5
165.0 153.75
175.75 147.75
182.0 149.0
184.25 146.0
185.5 147.5
182.75 152.75
168.25 157.5
175.75 155.0
180.5 153.75
182.0 153.75
168.25 158.25
176.25 156.0
180.75 155.0
182.25 154.5
165.25 162.75
174.75 162.5
180.0 162.5
183.25 160.0
183.5 157.5
