77.0 45.0 148.0 148.0
130.5 67.75
142.0 60.5
154.75 60.25
163.25 65.75
172.25 64.75
172.75 63.75
171.75 64.0
169.75 71.75
165.5 77.25
172.5 79.5
179.0 87.0
190.0 95.75
199.25 107.25
170.5 124.25
181.25 122.0
187.5 121.0
185.75 120.75
183.5 118.75
134.5 86.75
144.5 76.0
152.5 75.75
157.5 84.75
153.25 88.0
145.0 89.0
171.0 86.0
171.5 78.25
173.5 78.75
170.25 85.25
175.75 88.5
174.75 87.5
172.25 154.5
181.5 146.75
189.5 140.25
193.25 140.75
193.5 138.0
192.25 139.5
187.0 145.25
183.25 150.25
188.5 147.25
190.75 145.75
188.75 146.0
183.5 151.0
189.0 148.0
191.0 146.75
190.0 146.5
182.0 155.5
189.25 154.25
192.5 153.75
193.0 151.25
190.5 149.25
