53.5 36.5 174.0 174.0
115.5 75.75
130.0 68.75
146.0 68.75
157.25 74.0
173.25 71.25
176.25 69.5
179.5 68.0
180.5 74.25
177.5 79.0
168.25 88.25
173.75 97.25
182.75 108.5
190.0 122.5
155.0 136.0
169.25 134.75
177.75 134.0
178.25 132.5
180.25 128.75
118.75 95.25
130.75 85.0
141.75 84.25
148.75 93.25
140.0 97.75
129.25 98.5
171.25 93.0
174.75 84.0
180.75 83.5
178.5 89.0
181.0 94.25
177.25 94.25
152.0 166.75
163.25 160.5
174.25 154.75
180.0 155.25
182.5 152.0
183.75 152.5
180.75 156.0
166.25 163.5
173.75 161.0
178.5 159.25
180.0 158.0
166.25 164.5
174.0 162.0
178.5 160.5
180.0 159.0
163.0 169.0
172.25 168.5
177.75 168.25
181.0 165.0
181.25 161.5
