51.5 29.5 175.5 175.5
113.5 60.75
126.25 55.25
144.5 57.0
155.25 63.75
171.0 64.75
174.5 64.75
179.75 64.75
182.25 72.5
179.0 80.0
165.5 79.75
169.5 87.75
177.75 98.25
185.0 110.25
153.25 122.25
167.25 122.5
175.5 123.0
177.5 122.5
181.5 121.5
112.5 84.0
130.75 83.5
136.0 83.5
143.75 83.25
135.75 84.25
124.5 85.0
169.25 87.75
175.25 87.5
179.75 88.75
178.75 89.0
180.5 90.0
175.25 88.5
151.5 158.25
160.25 150.75
172.25 143.0
179.75 143.5
182.5 141.25
182.75 146.25
178.75 154.25
164.5 153.5
172.5 151.5
178.75 150.5
179.0 152.75
162.75 163.25
172.0 164.25
177.5 163.5
178.5 160.75
159.5 166.0
171.25 170.5
178.0 172.25
181.25 168.5
180.0 162.25
