70.5 43.5 166.5 166.5
119.75 72.0
133.75 67.5
152.25 70.25
162.25 77.5
178.25 77.5
181.75 76.5
187.25 74.75
188.75 80.25
184.0 85.25
170.0 93.5
172.5 103.25
178.75 116.5
183.75 130.5
150.75 137.25
164.5 138.5
172.5 139.5
174.75 137.75
179.0 134.75
115.75 94.5
134.25 97.0
139.5 95.25
147.5 95.25
139.25 97.25
127.75 97.75
172.75 98.25
178.75 97.75
183.0 98.5
182.25 96.5
183.5 100.0
178.75 99.0
144.0 170.25
153.25 164.75
166.0 159.25
173.25 159.75
176.25 157.0
176.0 159.5
170.75 164.25
157.0 167.25
165.0 166.25
171.25 164.5
171.25 164.75
154.0 175.75
162.75 177.25
168.0 176.0
169.5 172.0
150.25 178.0
160.75 183.5
167.0 185.25
170.75 180.75
170.75 173.0
