85.5 52.0 155.0 155.0
148.0 80.5
161.0 76.25
172.5 78.75
178.25 85.0
185.75 84.0
186.25 82.25
184.75 80.5
179.5 85.25
173.5 88.25
181.5 99.5
185.5 108.75
192.75 120.75
197.5 134.5
166.25 142.75
176.5 142.75
182.0 142.75
180.25 141.0
178.25 136.75
145.5 99.5
158.25 91.75
165.25 92.5
166.75 101.5
162.25 105.0
154.75 104.5
177.25 103.0
180.0 94.75
181.25 94.5
175.75 98.5
180.25 104.5
179.75 104.5
158.5 171.25
169.25 166.25
178.0 161.75
181.0 162.5
182.0 159.5
179.75 159.25
172.75 161.5
169.5 169.25
175.0 167.25
177.0 165.5
174.5 163.75
169.5 170.0
175.0 168.25
177.0 166.75
175.75 165.0
166.75 174.0
173.5 174.0
176.25 173.75
177.25 170.75
175.0 167.0
