88.0 42.0 154.5 154.5
141.5 69.75
153.0 64.0
164.75 65.5
171.5 71.75
178.25 71.5
178.25 70.75
176.25 70.75
172.25 77.75
167.0 82.5
177.5 86.25
183.25 94.5
192.75 104.25
200.75 116.75
171.75 130.0
181.75 129.0
187.25 128.5
185.0 128.0
182.0 125.5
142.75 89.25
153.75 79.5
160.5 80.25
163.75 89.5
160.0 92.5
152.75 92.5
174.0 92.25
175.0 84.5
176.0 85.25
171.5 91.0
177.0 95.0
176.75 94.25
170.25 160.0
179.75 153.25
187.5 147.5
190.5 148.5
190.75 145.75
188.5 147.0
182.0 151.75
180.75 156.75
185.5 154.25
187.0 153.0
184.25 153.0
180.75 157.5
185.75 155.25
187.25 154.0
185.75 153.5
179.0 161.75
185.75 161.25
188.25 161.0
188.5 158.5
185.5 156.25
