63.0 30.0 164.5 164.5
104.75 67.25
117.5 58.5
133.0 56.25
145.5 60.5
161.5 58.25
164.75 57.0
168.5 57.75
171.5 65.75
170.25 72.25
159.75 73.5
166.5 80.25
177.25 88.0
187.25 99.25
155.25 119.75
170.0 117.0
178.25 115.25
179.25 115.25
181.25 113.5
111.25 85.5
121.0 73.5
132.25 72.0
141.0 80.5
132.75 84.5
122.0 86.25
164.75 80.5
166.75 72.25
173.25 72.75
172.5 79.75
175.5 82.5
171.25 81.75
158.75 151.5
168.75 143.0
179.0 135.5
185.5 136.0
187.5 133.0
189.75 135.0
188.5 141.75
173.0 146.5
180.25 143.0
185.25 141.75
187.25 142.25
173.25 147.25
181.0 144.0
185.5 142.75
187.5 142.75
170.75 152.25
180.25 150.5
186.0 150.25
189.25 147.5
189.5 145.75
