51.5 42.0 170.0 170.0
120.75 72.0
134.5 67.0
152.5 69.5
162.5 76.25
177.75 76.0
181.25 75.0
186.25 73.0
187.25 78.5
182.75 83.75
170.5 92.0
173.5 101.5
180.25 114.75
185.75 128.5
153.0 136.25
166.75 137.0
174.5 137.75
176.25 136.0
180.25 132.75
117.0 94.5
135.75 96.5
140.5 94.75
148.25 94.5
140.5 96.5
129.25 97.5
172.5 96.5
178.5 96.0
182.5 96.5
181.25 94.75
183.25 98.0
178.5 97.25
147.25 169.25
156.5 163.5
168.75 157.5
175.75 158.0
178.75 155.0
178.0 157.5
172.75 162.5
160.25 166.0
168.0 164.5
173.75 162.75
173.5 162.75
157.25 174.5
165.75 175.75
170.75 174.25
172.0 170.25
153.75 177.0
164.25 182.0
170.5 183.5
173.75 179.0
173.0 171.25
