60.5 43.0 167.0 167.0
125.5 63.5
138.75 59.0
154.75 61.25
164.75 70.0
175.5 71.25
177.25 69.5
180.25 70.25
182.5 77.0
178.75 82.0
174.0 89.5
178.25 98.25
186.0 112.25
192.25 128.5
162.75 137.25
174.75 140.0
181.0 139.75
181.25 138.5
182.25 133.5
126.5 88.25
147.0 91.5
150.75 91.0
157.75 92.0
151.5 92.0
140.5 92.0
174.25 94.0
179.5 92.75
183.0 92.5
179.5 91.25
183.75 94.0
179.75 93.75
150.0 165.25
163.75 158.0
177.0 152.0
183.75 152.75
184.5 149.5
182.25 150.5
175.25 156.25
167.5 160.75
176.5 158.0
180.5 156.5
177.0 156.5
165.5 168.25
177.0 168.0
180.25 166.5
178.25 162.75
161.0 171.25
174.25 174.0
180.75 174.25
181.5 170.5
177.75 163.75
