76.5 43.5 148.0 148.0
128.75 57.75
140.75 53.25
155.5 56.0
164.75 65.0
173.5 67.25
174.5 66.0
176.25 68.0
177.75 75.5
173.5 81.75
174.5 84.0
179.25 92.0
188.25 104.75
196.0 119.75
168.5 129.75
179.5 132.5
185.25 132.5
184.75 132.0
184.25 128.0
131.0 82.0
151.25 84.25
153.5 85.0
159.75 86.25
154.75 85.5
145.0 84.75
173.0 90.0
177.5 89.25
180.25 89.5
175.75 89.5
181.25 91.0
178.0 90.25
158.0 159.0
170.75 150.75
183.25 144.25
189.0 145.0
189.0 142.25
185.75 144.75
178.0 152.5
174.5 153.5
182.75 150.75
185.5 149.75
180.75 151.5
173.25 161.5
184.0 160.75
186.25 159.75
182.75 157.5
169.0 164.5
182.0 166.75
187.75 167.25
187.25 164.25
181.75 159.0
