74.0 43.0 153.0 153.0
125.25 64.75
135.75 57.0
149.5 55.75
159.25 60.0
168.75 59.5
169.5 59.75
168.75 60.25
167.75 68.5
163.75 75.25
170.5 72.0
178.25 78.5
191.5 88.5
204.25 102.5
172.5 120.5
184.25 120.25
191.25 119.0
189.0 118.5
185.25 116.0
128.25 84.75
137.5 73.25
145.25 72.25
151.75 80.75
146.25 85.5
138.25 86.5
165.75 82.0
165.25 75.0
168.5 75.5
166.75 82.0
170.75 85.25
169.25 84.5
171.5 151.75
179.75 145.0
189.25 139.25
193.25 140.0
194.25 137.0
192.75 137.5
188.25 142.5
182.0 148.25
188.5 145.75
191.0 144.25
189.5 144.0
182.25 149.25
189.0 146.5
191.5 145.0
190.75 144.5
180.5 153.25
189.0 152.0
193.0 151.5
194.0 148.75
191.5 147.0
