72.0 42.5 151.0 151.0
133.5 60.25
144.25 54.5
157.25 55.75
165.75 61.5
174.0 63.75
174.0 64.75
172.5 66.25
170.0 75.25
165.25 82.0
175.25 74.75
182.25 81.75
194.75 92.25
206.25 106.5
174.0 121.25
185.25 122.5
191.75 122.25
189.25 122.25
185.25 120.25
134.25 80.5
144.0 70.5
151.25 71.5
156.5 81.0
151.25 84.0
143.5 83.5
168.25 86.0
168.25 79.5
171.0 81.25
168.0 88.0
172.25 90.5
171.25 89.25
170.5 152.0
179.0 146.25
188.5 141.75
192.25 143.25
193.0 140.75
191.0 142.0
185.5 147.75
180.75 150.25
187.0 148.5
189.25 147.75
187.25 148.25
181.0 151.0
187.25 149.25
189.75 148.75
188.5 148.75
179.0 154.75
187.25 154.75
190.75 155.0
191.75 153.0
188.75 151.75
