74.0 49.0 164.5 164.5
107.5 65.75
121.75 60.0
140.25 60.5
152.75 68.75
168.0 68.5
171.25 66.0
177.75 66.25
183.25 72.75
182.25 77.75
165.25 87.75
169.5 96.75
177.25 111.0
184.0 127.75
152.5 137.75
166.75 140.0
174.25 139.75
176.25 138.25
179.75 132.5
110.75 90.25
131.25 92.25
138.0 91.25
146.75 91.5
137.25 92.5
124.25 93.25
170.0 91.75
177.25 89.75
182.5 89.25
181.5 87.75
183.25 90.75
177.25 91.25
141.5 166.25
154.75 158.75
169.25 152.5
177.5 153.0
179.75 149.5
180.25 150.25
176.5 156.0
160.0 161.5
170.25 158.5
176.0 156.75
176.0 156.25
158.25 169.25
171.5 168.75
176.25 167.0
177.0 162.75
153.0 172.25
167.75 175.0
176.0 175.25
178.75 171.0
177.75 163.75
