76.0 42.0 151.5 151.5
133.75 70.25
145.5 63.5
159.5 64.0
168.5 69.25
177.75 68.75
178.25 68.25
177.25 67.75
174.75 74.75
169.75 80.25
177.25 82.5
183.75 90.5
195.0 103.25
205.0 119.25
170.75 131.5
182.25 132.75
189.25 132.75
187.25 131.0
184.0 127.0
133.5 90.25
144.5 80.0
152.5 79.75
157.25 88.5
151.0 93.0
143.0 93.5
170.5 90.0
171.25 82.5
174.5 82.5
171.25 88.25
175.0 92.75
173.5 92.5
164.5 161.75
173.75 156.5
183.75 152.25
187.5 153.0
188.75 149.75
187.25 149.5
182.0 152.75
175.25 159.75
181.75 157.75
184.5 156.25
183.0 155.0
175.25 160.5
182.0 158.75
184.75 157.25
184.0 155.75
173.0 164.25
181.25 164.25
185.25 164.0
186.5 161.0
184.5 158.0
