58.5 36.5 167.5 167.5
123.25 56.25
136.5 52.5
152.75 56.0
162.75 65.5
174.0 68.5
176.0 67.75
179.5 70.0
182.0 78.0
178.75 84.5
172.75 85.25
177.0 93.5
185.0 106.75
191.75 122.75
161.75 131.0
174.0 134.75
180.5 135.25
181.0 135.0
182.25 131.0
124.5 80.75
145.0 83.75
149.0 85.0
156.25 86.75
149.5 85.25
138.25 84.0
173.5 92.0
179.0 91.5
182.75 92.25
179.75 92.25
183.5 93.75
179.25 92.5
149.0 160.25
162.75 152.5
176.75 147.0
183.75 148.25
184.75 145.75
182.75 148.5
176.0 156.25
167.0 156.0
176.5 153.75
180.75 153.25
177.75 155.0
165.25 164.0
177.25 164.25
180.75 163.75
179.0 161.25
160.25 166.5
174.25 170.0
181.25 171.25
182.0 168.25
178.5 163.0
