74.5 47.0 156.0 156.0
131.0 66.0
143.25 60.5
157.75 61.75
166.75 70.0
175.25 70.0
176.25 67.75
177.5 68.0
178.75 74.25
174.0 79.0
175.75 88.5
180.25 96.75
189.0 110.25
196.0 125.75
168.75 136.25
179.25 138.0
184.75 137.25
184.25 135.75
183.5 130.25
132.75 90.75
153.0 92.75
155.0 91.5
161.0 92.0
156.5 92.75
147.0 93.5
174.0 92.0
178.25 90.25
180.75 89.75
176.25 88.25
181.75 91.25
178.75 91.5
157.75 164.5
170.25 156.5
182.5 149.5
188.0 149.5
188.0 146.25
184.5 147.0
176.5 152.5
173.75 158.5
181.75 155.25
184.25 153.0
179.5 152.75
172.25 166.25
182.5 164.75
184.5 162.75
181.25 158.75
168.25 169.25
180.5 170.75
186.0 170.5
185.5 166.5
180.0 159.75
