68.0 48.5 155.0 155.0
139.25 64.75
151.75 61.5
165.25 65.0
172.75 74.5
180.5 76.25
181.25 74.75
182.25 75.5
182.25 82.25
176.75 86.5
179.0 94.25
182.5 103.0
189.5 117.25
194.75 133.25
167.0 140.0
176.75 143.25
182.0 143.5
181.5 142.25
181.0 137.0
137.75 89.5
157.5 94.25
159.0 94.0
164.5 95.5
160.5 95.25
151.25 94.25
176.25 98.25
180.5 97.25
182.75 97.25
178.0 95.5
183.5 99.0
180.75 98.5
152.5 167.0
166.0 160.25
178.5 155.25
184.0 156.0
184.0 153.0
180.0 153.75
171.0 158.75
168.75 163.0
177.0 160.75
179.5 159.5
174.25 159.0
166.5 170.5
176.5 170.5
178.5 169.25
175.25 165.25
162.25 173.0
173.75 176.25
179.25 176.75
178.75 173.0
174.0 166.0
