66.0 46.5 173.0 173.0
120.5 80.0
134.25 73.5
151.0 74.0
162.0 78.75
177.5 76.25
180.25 75.0
183.0 72.25
183.0 77.25
179.25 81.5
172.25 92.5
177.5 102.0
186.5 117.25
193.75 135.75
157.75 143.0
170.25 145.25
178.25 145.75
178.5 142.75
178.5 136.75
120.5 99.0
133.0 89.5
143.5 88.75
149.5 97.25
140.5 102.5
130.25 103.0
170.5 96.25
173.25 88.0
179.25 87.0
177.0 91.75
178.0 98.0
174.5 98.75
148.5 171.25
158.25 167.5
169.75 164.5
175.0 165.25
177.75 162.0
178.75 160.0
175.75 161.0
160.75 170.25
168.5 169.0
173.0 167.25
174.5 164.5
160.75 171.0
168.75 170.0
173.25 168.25
174.75 165.75
157.25 174.75
166.75 175.5
172.0 175.25
175.5 171.75
175.75 167.5
