76.5 45.0 160.5 160.5
122.5 71.5
135.0 64.25
150.75 63.75
161.25 68.5
174.25 67.0
175.75 66.25
177.0 65.5
176.75 72.25
172.75 78.0
172.25 81.5
178.5 89.75
190.0 102.5
200.0 119.0
165.0 132.25
177.5 133.25
185.25 133.0
184.25 131.0
182.75 126.75
124.0 91.5
135.25 80.5
144.5 79.75
151.0 88.5
143.25 93.5
134.0 94.25
168.75 88.75
170.25 81.0
175.0 80.75
173.0 86.5
175.5 91.25
172.75 91.25
159.25 162.75
168.5 157.5
179.5 153.0
184.25 153.75
186.25 150.5
186.25 149.75
182.5 152.75
171.0 160.5
178.5 158.5
182.25 156.75
182.25 155.25
171.25 161.5
178.75 159.5
182.5 157.75
183.0 156.25
168.5 165.25
177.75 165.25
182.5 164.75
185.0 161.5
184.0 158.5
