57.5 31.0 170.5 170.5
112.5 64.5
125.25 57.5
141.5 57.5
153.5 62.5
169.5 63.0
172.5 63.25
176.0 64.0
178.0 72.5
175.5 79.25
165.75 76.0
172.0 83.5
182.5 95.5
192.5 111.5
157.5 126.25
171.0 127.75
179.25 127.5
179.75 126.75
180.0 123.75
115.0 84.75
126.0 74.0
136.75 74.0
144.0 83.25
135.0 87.25
124.75 87.5
166.25 86.25
168.25 78.75
175.0 79.75
174.0 86.5
175.25 90.0
171.25 89.25
152.0 158.0
161.5 152.5
173.25 148.25
179.25 149.75
182.0 146.75
183.5 147.5
181.75 152.25
165.0 156.5
173.25 155.0
178.25 154.0
180.0 153.75
165.0 157.5
173.5 156.0
178.5 155.0
180.25 154.5
162.0 161.25
172.0 161.75
178.0 162.0
181.5 159.5
182.0 157.25
