59.0 42.5 170.0 170.0
147.25 68.25
159.0 65.25
171.25 69.5
177.25 79.25
183.5 81.0
184.0 79.0
184.0 79.5
182.75 85.75
176.25 89.25
181.5 98.75
184.25 107.75
190.25 122.25
194.25 138.25
167.5 143.75
176.25 147.0
181.0 147.25
180.0 145.75
179.25 140.5
143.75 92.5
162.5 98.5
163.0 97.75
167.75 99.25
164.75 99.25
156.75 98.25
177.0 102.0
180.75 101.0
182.5 101.0
177.5 98.5
183.25 102.5
181.0 102.25
151.5 169.25
165.0 163.5
177.25 158.75
182.0 159.75
181.75 156.5
177.0 156.75
167.25 160.75
167.25 166.0
175.0 164.0
177.0 162.5
171.0 161.5
164.5 173.25
173.75 173.5
175.5 172.0
171.75 167.75
160.5 175.5
171.0 179.0
175.75 179.75
175.25 175.75
170.0 168.25
