57.5 32.0 179.0 179.0
115.5 71.75
129.0 66.0
147.5 67.0
158.25 73.0
174.0 71.75
177.5 70.5
182.75 68.25
184.75 73.75
180.75 79.25
167.75 88.25
171.25 97.5
179.0 110.0
185.25 123.5
153.25 133.75
167.25 133.5
175.25 133.75
177.0 132.0
181.0 128.5
114.0 94.75
127.0 84.0
138.5 83.75
145.5 92.25
135.75 96.75
124.5 97.75
170.5 92.75
174.75 84.5
182.0 84.25
179.5 89.75
180.5 94.75
176.25 94.5
147.5 164.0
159.0 158.0
171.0 152.75
177.5 153.75
180.25 150.0
181.75 150.75
178.5 154.25
162.5 162.25
171.0 160.0
176.25 158.5
177.75 157.0
162.5 163.25
171.25 161.25
176.5 159.75
178.25 158.25
158.75 168.25
170.0 168.5
176.0 168.75
179.5 165.0
179.5 161.25
