55.5 38.5 176.0 176.0
131.75 76.25
144.75 71.25
161.25 73.25
169.5 79.5
181.5 78.25
184.0 76.75
186.5 74.0
185.5 78.75
179.25 83.0
175.5 94.5
178.75 104.0
186.0 117.0
191.75 130.5
160.75 138.5
172.75 138.75
179.75 139.0
180.25 136.75
181.75 132.75
126.75 98.5
140.75 89.0
150.75 89.0
155.0 97.25
147.25 101.75
137.25 102.25
174.25 97.5
178.0 89.75
183.25 89.25
179.0 93.75
181.25 99.25
178.5 99.25
152.25 167.25
164.0 162.0
175.25 157.25
180.0 158.0
182.25 154.25
181.5 154.25
176.0 156.5
166.0 165.75
173.5 163.75
177.5 162.0
176.75 160.0
166.0 166.75
173.75 165.0
177.5 163.25
177.75 161.25
162.5 171.5
172.5 171.75
177.0 172.0
179.5 168.25
178.0 163.75
