75.0 47.0 152.5 152.5
131.75 59.0
142.5 54.0
157.0 56.25
164.75 63.0
173.75 64.75
175.0 64.75
175.5 65.25
174.25 73.0
168.75 80.25
172.5 78.25
177.75 85.75
188.0 95.25
196.75 106.0
169.75 118.5
180.5 118.5
186.75 118.5
186.0 118.5
185.25 117.75
130.5 82.25
148.5 81.5
149.5 81.75
155.0 81.75
151.25 82.25
143.0 83.0
170.25 86.5
173.75 86.5
176.0 87.75
172.25 88.5
177.0 89.0
174.25 87.25
169.75 153.5
177.5 145.5
187.25 137.25
192.25 137.5
192.75 135.5
190.0 140.5
183.5 149.0
180.5 148.0
186.75 145.5
189.5 144.5
186.5 147.25
179.25 157.5
186.5 157.75
189.0 156.75
187.0 154.5
177.0 160.25
187.25 163.5
192.0 164.75
192.25 161.25
187.25 156.25
