69.0 31.5 165.5 165.5
131.25 61.25
141.75 55.5
156.25 56.75
164.0 63.0
172.75 63.5
173.75 63.25
173.75 63.25
172.5 70.5
167.0 77.5
171.75 77.75
177.5 85.25
188.0 94.75
197.25 105.25
170.75 119.0
181.25 118.25
187.5 117.75
186.25 117.5
185.5 116.25
130.75 84.75
141.75 73.0
149.75 73.25
154.75 82.25
149.75 85.5
141.25 86.5
169.25 85.25
170.5 78.0
173.75 79.0
170.25 85.5
174.5 88.25
173.0 87.25
169.5 150.25
179.5 142.0
188.5 135.5
192.75 136.5
193.0 133.5
191.25 136.0
185.25 142.5
182.0 146.5
188.0 143.75
190.5 142.5
188.0 143.5
182.25 147.5
188.75 144.75
191.0 143.75
189.5 144.0
180.5 152.5
189.5 151.5
193.25 151.75
193.75 149.0
190.0 147.25
