68.0 33.0 167.5 167.5
130.0 64.0
140.75 57.75
155.25 58.25
163.5 64.0
172.5 63.75
173.75 63.0
174.25 62.25
173.0 69.0
167.75 76.0
171.5 78.5
177.25 86.25
187.75 96.0
196.75 107.0
170.0 121.25
180.75 119.75
187.0 119.25
186.0 118.5
185.25 116.5
129.5 87.5
147.5 85.5
148.75 84.75
154.0 83.75
150.5 85.75
142.25 87.75
169.5 85.25
173.0 84.5
175.25 85.25
171.5 85.0
176.25 86.25
173.5 85.5
170.75 155.5
178.5 147.25
187.75 138.5
192.75 138.0
193.25 135.5
190.5 139.75
184.5 147.25
181.5 149.25
187.5 146.25
190.0 144.25
187.25 146.0
180.25 158.5
187.5 158.0
190.0 156.25
187.75 153.5
178.25 161.5
188.5 164.0
193.0 164.5
193.25 160.25
188.25 154.75
