64.5 49.0 161.0 161.0
142.25 73.5
154.75 70.0
169.5 74.0
175.75 81.5
185.5 82.25
187.25 81.5
188.5 79.75
185.75 84.75
178.5 89.0
179.25 97.0
182.0 106.5
188.5 119.5
193.5 133.0
163.25 138.75
174.25 140.0
180.5 141.0
180.25 139.25
180.75 136.25
134.75 95.5
149.25 87.25
157.75 88.5
160.25 97.75
153.5 100.75
144.5 100.0
175.75 101.0
179.75 93.75
183.5 94.5
178.5 99.0
181.0 104.0
179.25 103.5
152.25 167.0
164.5 162.25
175.25 158.75
179.25 160.0
181.25 156.75
179.5 157.25
172.5 159.75
165.5 166.75
172.5 165.5
175.75 164.25
174.0 162.75
165.5 167.75
172.75 166.5
175.75 165.5
175.25 164.0
162.0 172.0
171.25 173.25
175.0 174.0
177.0 170.75
175.0 166.75
