61.0 28.0 175.0 175.0
129.25 61.75
140.0 55.5
154.5 56.5
162.75 62.5
171.75 62.5
172.75 62.25
173.25 62.0
172.25 69.25
166.75 76.5
171.0 77.0
176.75 84.5
187.25 93.75
196.75 104.25
170.25 118.75
181.0 117.5
187.0 117.0
186.25 116.5
185.5 115.25
129.25 85.0
147.25 83.0
148.25 82.75
153.75 82.0
150.0 83.5
141.75 85.0
169.0 84.5
172.5 84.0
174.75 84.75
170.75 85.0
175.75 85.75
173.0 84.75
171.75 153.25
179.25 144.75
188.5 136.0
193.5 135.75
193.75 133.5
191.25 138.0
185.0 146.0
182.25 147.0
188.25 144.0
190.75 142.5
188.0 144.75
181.25 156.25
188.5 156.0
191.0 154.5
188.75 152.0
179.25 159.25
189.5 161.75
194.25 162.5
194.25 158.75
189.0 153.25
