67.0 40.5 164.5 164.5
133.25 69.0
146.5 65.25
162.5 69.25
170.5 77.0
182.75 78.5
185.0 78.0
187.75 77.0
186.75 83.0
180.5 88.0
176.0 93.25
178.75 102.5
185.75 115.25
191.0 128.75
159.25 135.25
171.5 136.75
178.5 137.75
179.25 136.5
181.0 134.0
127.25 91.5
145.75 94.5
148.75 93.5
155.5 94.0
149.5 95.25
139.5 95.0
175.0 98.75
179.75 98.75
182.75 99.75
180.25 98.5
183.25 101.25
179.75 99.75
151.0 168.25
160.75 162.5
172.75 157.0
179.0 157.75
181.0 155.25
178.75 158.25
171.75 163.5
163.75 165.25
171.0 164.0
175.5 163.0
173.75 163.5
160.0 173.75
168.0 175.5
172.0 174.5
172.0 170.75
156.75 176.0
166.5 181.5
172.0 183.5
174.25 179.25
172.5 172.0
