88.0 36.5 154.5 154.5
114.25 62.25
126.0 55.25
143.0 54.75
153.5 60.25
166.75 59.5
169.25 59.0
172.5 58.5
174.25 65.75
170.75 73.5
164.5 74.5
170.25 82.0
180.5 91.0
190.0 101.5
161.25 117.75
174.0 116.0
181.5 115.25
182.25 114.75
184.25 113.25
116.25 85.75
127.0 73.0
137.25 72.25
144.75 81.0
137.25 84.75
127.0 86.5
166.5 82.0
168.5 74.25
174.25 74.75
172.5 81.75
175.25 84.5
171.75 83.5
161.5 149.5
171.75 140.75
182.25 133.75
188.0 134.5
189.75 131.25
190.25 133.75
186.75 140.5
175.5 145.5
183.25 142.25
187.25 140.75
187.5 141.5
175.75 146.5
183.75 143.25
188.0 142.0
188.5 142.0
173.5 151.75
184.25 150.25
189.75 150.5
192.0 147.25
190.0 145.5
