78.0 53.0 160.5 160.5
140.0 76.0
153.0 72.5
168.25 76.25
175.0 83.25
185.5 83.25
187.5 82.25
189.25 80.0
186.75 84.5
180.0 88.5
178.75 98.5
181.25 108.25
187.5 121.5
192.25 135.25
161.5 140.75
172.75 142.0
179.25 142.75
179.25 140.75
180.25 137.25
132.75 98.0
147.25 89.75
156.25 90.75
159.25 99.5
151.75 103.0
142.5 102.5
175.75 101.75
180.0 94.5
184.25 94.5
179.25 98.75
181.5 104.25
179.5 104.0
150.25 168.5
162.5 164.25
173.75 160.5
177.75 161.75
180.0 158.25
178.5 158.25
172.0 160.25
163.75 168.25
171.0 167.0
174.5 165.5
173.25 163.5
163.75 169.25
171.25 168.0
174.5 166.75
174.25 165.0
160.0 173.75
169.5 174.75
173.5 175.5
175.75 171.75
174.0 167.5
