72.0 42.0 158.0 158.0
144.75 71.25
155.75 66.25
168.75 68.25
174.5 74.75
181.5 74.0
182.25 73.0
181.25 71.25
177.75 76.5
170.5 81.75
178.75 89.25
183.0 98.0
191.5 109.5
198.5 121.75
171.5 132.0
181.0 131.5
186.5 131.5
185.0 130.0
183.5 127.0
140.0 94.0
152.5 83.75
159.5 84.0
162.0 92.5
157.5 96.5
149.75 97.25
173.5 93.75
175.75 86.25
178.0 86.25
173.0 91.25
177.25 96.0
176.5 95.5
165.0 161.25
175.75 154.75
185.0 149.25
188.0 150.0
188.75 146.75
186.0 147.25
178.25 151.0
176.75 158.75
182.75 156.25
184.5 154.75
181.25 153.5
177.0 159.75
183.0 157.5
184.75 156.0
182.75 154.5
174.5 164.5
183.0 164.0
186.0 164.25
186.5 160.75
182.5 157.25
