55.0 45.5 170.5 170.5
127.5 82.75
140.0 77.25
157.0 77.5
166.25 83.25
181.5 82.0
184.5 80.5
187.5 78.25
187.0 83.0
182.0 86.0
176.0 97.5
180.5 107.0
189.75 122.25
196.0 139.75
155.75 143.0
169.0 146.5
177.75 147.75
178.5 144.0
179.25 136.75
119.75 100.5
135.0 92.25
146.25 91.75
150.75 100.25
141.5 105.25
130.5 105.25
172.25 101.0
176.75 92.75
183.25 92.5
179.75 96.75
180.75 103.25
176.75 103.5
142.25 169.5
153.25 165.75
165.0 163.5
170.75 164.0
174.25 160.5
175.25 158.25
172.75 158.5
156.5 167.5
164.75 166.25
169.75 164.5
171.25 161.5
156.5 168.0
165.0 167.0
170.0 165.0
171.5 162.75
153.0 171.25
163.0 171.5
168.75 170.5
172.25 167.75
172.75 164.0
