65.5 41.0 167.5 167.5
121.5 73.75
132.75 66.75
149.5 65.75
159.75 71.0
174.75 70.0
177.5 68.75
180.25 68.25
181.0 74.5
176.75 79.75
171.75 84.5
177.75 92.5
189.5 105.25
199.0 121.25
158.5 132.0
173.25 134.0
182.25 134.25
182.5 131.5
183.0 125.5
116.75 93.25
136.25 93.75
140.5 91.75
147.5 90.5
141.0 93.5
129.75 95.25
169.5 91.75
174.5 91.25
178.75 91.5
176.75 90.0
179.5 92.75
174.75 92.25
146.25 164.5
155.5 158.0
170.25 151.0
179.5 150.25
182.0 147.25
179.75 148.75
174.0 153.75
161.25 157.0
171.0 154.5
178.0 152.0
175.75 152.25
158.0 171.5
171.25 173.25
176.5 170.75
176.0 164.0
153.25 171.25
168.0 176.75
176.75 176.0
179.25 171.5
176.25 162.0
