63.0 34.5 168.0 168.0
129.5 68.5
140.25 62.5
155.5 62.75
164.75 68.75
177.0 69.75
179.0 69.5
180.25 70.0
179.5 77.0
174.25 82.75
175.25 83.0
181.5 90.75
193.25 102.75
203.0 118.0
164.0 128.25
177.25 131.0
185.5 131.75
184.75 129.75
183.25 125.0
123.75 88.25
137.25 78.25
147.25 78.5
152.0 88.0
144.75 91.75
134.5 91.75
170.5 91.5
173.0 84.0
178.25 85.25
174.75 91.25
177.75 95.25
174.5 94.25
154.75 158.25
165.0 152.75
175.75 149.25
181.25 150.5
183.5 147.25
183.25 146.75
180.0 150.0
168.0 155.0
175.75 153.5
179.75 152.25
179.75 151.25
168.25 155.75
176.25 154.25
180.25 152.75
180.5 151.75
165.5 159.0
175.25 158.5
180.25 157.5
182.75 155.75
181.75 153.75
