65.0 42.0 173.0 173.0
148.25 77.0
159.25 72.75
172.0 75.0
178.0 81.75
186.25 83.25
187.0 82.5
186.25 81.75
182.25 87.25
174.75 90.75
183.75 96.75
188.25 105.5
197.5 119.75
204.0 136.0
166.0 139.5
177.0 143.25
184.0 145.0
182.25 142.0
180.25 136.0
138.0 94.75
156.25 99.25
157.0 97.75
162.0 97.75
158.5 99.75
150.25 99.5
174.25 102.0
177.25 102.25
179.25 103.0
175.25 100.75
179.75 104.5
177.75 103.25
146.5 168.25
156.5 163.25
171.0 159.0
177.75 159.25
178.5 156.5
173.5 157.0
164.75 160.75
161.25 163.0
170.0 162.0
173.75 160.25
168.75 159.75
155.0 176.25
165.5 179.5
168.75 177.5
166.5 170.75
151.25 175.5
162.75 182.5
169.5 182.75
169.75 178.5
166.25 168.75
