56.5 25.0 170.0 170.0
122.25 59.0
132.75 53.5
148.25 54.0
158.25 60.25
171.75 63.25
174.0 64.25
176.25 66.75
177.0 75.5
173.25 83.0
170.5 74.25
177.0 80.5
189.75 90.25
200.75 103.5
162.25 117.0
176.25 119.75
185.0 120.75
184.75 120.25
183.75 118.0
118.25 79.0
131.0 68.5
141.5 69.75
147.25 79.75
139.75 82.0
129.25 81.5
167.75 86.5
170.0 79.5
176.0 82.25
173.75 89.5
176.25 91.75
172.5 89.75
155.0 148.0
165.25 142.25
176.5 138.5
182.75 140.5
185.25 138.0
185.5 139.0
183.0 144.75
169.0 145.25
177.25 143.75
181.75 143.5
182.5 144.5
169.25 145.75
177.75 144.5
182.25 144.0
183.25 144.5
166.75 149.0
177.0 148.5
182.5 148.25
185.25 147.5
184.75 146.75
