46.5 31.0 185.0 185.0
123.0 72.5
134.75 66.25
151.5 66.0
161.5 72.0
176.5 72.0
179.5 71.25
182.5 71.0
183.0 77.5
178.5 82.75
173.0 86.25
178.5 94.5
189.5 107.75
198.25 124.0
157.25 133.0
172.0 135.75
181.0 136.5
181.25 134.0
182.25 128.25
117.5 91.75
137.0 93.25
141.25 91.75
148.25 91.0
141.5 93.5
130.25 94.5
170.5 93.75
175.5 93.5
179.75 94.0
178.0 92.75
180.5 95.5
175.75 94.75
143.5 165.0
153.0 159.0
168.25 152.75
177.5 152.5
180.0 149.75
177.75 151.0
172.0 156.25
158.75 158.25
168.75 156.25
175.75 154.25
173.75 154.5
154.75 172.75
168.0 175.25
173.5 173.0
173.25 166.5
150.0 172.25
164.5 178.5
173.5 178.25
176.25 174.0
173.75 164.5
