73.5 43.0 153.0 153.0
127.0 66.75
136.5 59.5
150.75 58.0
159.75 62.75
170.75 62.5
172.0 62.0
172.5 62.75
172.0 70.0
167.25 76.5
171.75 75.25
179.0 81.75
192.75 91.75
204.75 105.0
168.75 120.75
181.5 121.75
189.5 121.25
187.75 119.5
184.75 115.5
124.0 87.25
135.75 75.25
144.75 74.5
150.25 83.25
144.75 87.75
135.0 89.0
166.75 85.0
168.0 77.25
172.5 78.0
169.5 84.5
173.5 87.75
171.0 87.0
164.25 151.75
173.25 144.75
183.0 139.75
188.0 140.25
189.25 137.0
188.5 136.75
184.75 140.5
176.25 146.75
183.25 144.0
186.5 142.25
185.75 141.75
176.75 147.25
183.75 144.75
187.0 143.0
186.5 142.0
174.75 151.0
183.75 149.0
188.0 147.5
189.75 145.5
187.75 143.75
