75.0 43.0 151.0 151.0
138.5 63.0
148.0 58.0
161.0 59.0
168.25 65.75
176.75 68.5
177.25 68.75
176.5 70.5
174.25 78.5
168.25 84.75
177.5 80.0
184.0 86.75
196.5 97.75
207.0 111.5
170.75 122.5
182.75 125.25
190.0 126.25
187.5 125.25
184.5 122.0
132.75 82.75
151.25 83.75
151.75 84.0
156.75 84.25
153.75 85.0
145.5 84.75
170.0 90.5
173.0 91.0
175.25 92.25
171.0 92.5
176.25 93.5
173.75 91.75
158.5 156.5
167.5 149.5
180.75 142.25
187.5 142.25
187.75 140.5
183.0 144.0
175.25 151.25
172.0 148.75
180.5 146.5
184.0 145.5
179.0 148.0
169.25 163.75
180.75 165.75
183.5 164.5
179.75 160.0
165.25 163.5
178.75 168.75
185.5 168.75
185.0 165.75
179.0 158.5
