61.5 46.0 172.0 172.0
123.25 78.0
136.25 73.5
153.75 75.25
163.75 82.25
180.75 83.0
184.5 82.0
188.75 81.25
189.5 86.75
185.0 90.5
173.75 97.75
177.5 107.25
185.5 123.0
190.75 141.0
149.75 142.0
163.75 147.0
172.75 149.25
174.5 146.0
176.75 139.5
115.25 96.0
130.75 88.5
143.0 89.25
147.75 98.75
137.25 102.5
125.5 101.25
171.75 102.75
177.0 95.0
184.75 95.75
181.5 100.25
181.25 106.25
176.5 105.75
135.0 168.25
146.25 165.5
158.5 164.25
165.0 165.75
169.25 162.75
171.25 161.0
169.75 162.0
150.0 167.75
158.75 167.5
164.75 166.5
167.25 164.25
150.0 168.5
159.0 168.25
164.75 167.25
167.25 165.5
146.0 171.25
156.5 172.75
163.0 172.25
167.25 170.25
168.75 167.0
