75.0 46.0 153.0 153.0
130.25 78.0
142.25 72.5
158.5 73.25
167.75 79.5
181.5 79.5
184.25 78.25
186.5 77.0
185.5 82.5
180.25 86.25
177.0 94.0
181.75 103.0
191.5 117.75
198.5 134.75
157.5 139.5
171.5 143.0
180.0 144.25
180.0 141.0
181.0 134.5
122.5 96.5
141.75 99.75
145.5 97.5
152.25 96.75
146.0 99.75
135.25 100.25
172.5 99.25
177.25 99.0
181.25 99.5
179.0 97.0
181.75 101.0
177.5 100.25
140.75 169.0
150.75 164.0
166.0 159.25
174.75 159.25
177.25 156.0
174.25 156.25
167.75 160.0
156.25 163.5
166.0 162.25
172.5 159.75
170.0 159.0
150.75 176.75
163.25 179.75
168.5 177.75
168.25 170.5
146.5 176.25
159.75 183.25
168.25 183.0
170.75 178.5
168.75 168.25
