58.5 30.5 179.0 179.0
133.5 68.0
144.5 62.75
159.25 63.75
167.75 70.25
179.25 72.25
181.0 72.0
181.75 72.75
180.5 80.0
174.75 85.5
177.25 85.0
183.0 92.75
194.5 105.25
203.5 120.75
164.0 129.5
177.25 132.75
185.5 133.75
184.5 132.0
183.25 127.25
126.75 87.25
145.75 89.25
148.25 88.75
154.25 88.75
149.25 90.25
139.5 90.25
171.5 93.75
175.5 94.0
178.75 95.25
175.5 94.5
179.5 96.5
176.0 95.0
149.25 162.0
159.0 155.75
173.5 149.5
181.75 149.75
183.0 147.5
179.25 149.75
172.25 155.75
164.25 155.25
173.5 153.5
178.75 152.0
175.25 153.25
160.0 170.0
172.25 172.5
176.5 171.0
174.75 165.25
155.5 169.5
169.5 175.75
177.5 175.75
178.5 172.25
174.5 163.5
