83.5 60.0 148.0 148.0
119.5 84.25
132.25 78.5
150.25 78.75
160.75 84.5
178.5 83.0
182.75 81.0
187.25 78.75
188.5 83.25
184.5 86.25
171.75 99.0
176.0 108.5
184.75 124.5
190.5 142.5
150.0 144.75
164.0 148.5
173.25 150.0
175.0 146.0
177.5 138.5
112.75 101.75
127.75 93.75
140.25 93.25
145.75 101.5
135.25 106.75
123.25 106.5
170.75 102.0
175.75 93.5
184.0 93.25
181.0 97.0
181.0 104.0
176.0 104.25
136.75 170.75
147.75 167.25
160.0 165.25
166.5 166.0
170.75 162.5
172.75 160.0
171.5 160.0
151.75 169.0
160.5 168.25
166.5 166.25
169.25 163.0
151.75 169.75
160.75 168.75
166.5 167.0
169.0 164.5
148.0 172.75
158.5 173.5
164.75 172.25
169.25 169.75
170.75 165.75
