74.5 42.0 151.5 151.5
136.0 59.5
144.0 53.75
156.0 54.0
163.25 59.75
170.5 62.5
170.5 63.0
169.0 65.25
167.25 73.75
161.5 81.0
173.5 73.0
181.0 78.75
195.0 87.5
207.25 99.25
174.25 114.5
185.5 116.0
192.25 116.25
189.25 116.0
184.75 113.75
132.75 79.5
150.75 78.5
150.5 79.25
154.5 79.25
152.75 79.75
145.5 80.0
166.25 85.0
168.75 85.5
170.5 86.75
166.0 88.0
171.75 88.0
169.75 86.0
167.0 149.75
174.5 141.5
186.25 132.75
192.25 132.25
191.5 131.0
186.75 135.25
179.75 144.0
178.5 140.5
186.25 137.0
188.5 136.25
183.5 140.0
178.0 155.75
189.0 156.25
191.0 155.0
185.75 151.5
174.25 155.75
188.0 159.25
193.75 158.5
192.25 156.25
184.5 150.25
