62.0 38.0 170.0 170.0
123.75 75.0
135.25 68.0
151.5 66.75
161.5 72.0
175.5 70.75
178.25 69.5
180.5 68.5
180.75 74.75
176.25 79.5
173.0 85.25
179.0 93.5
190.75 106.5
200.5 122.25
160.0 133.0
174.5 134.75
183.5 135.0
183.25 132.0
183.25 126.0
118.75 94.5
138.5 95.0
142.25 92.75
149.0 91.5
142.75 94.75
132.0 96.5
170.0 92.25
174.75 91.5
178.75 91.5
176.5 90.0
179.5 93.0
175.0 92.75
147.5 165.0
156.75 158.5
171.5 151.75
180.25 150.75
182.5 147.5
180.0 148.75
174.0 153.75
162.5 157.5
172.0 155.0
178.5 152.0
176.0 152.25
159.0 171.75
172.0 173.25
177.0 170.75
176.0 164.0
154.5 171.75
169.0 177.0
177.5 176.0
179.5 171.5
176.25 161.75
