64.0 36.5 170.0 170.0
124.25 74.75
135.75 68.0
152.0 66.75
161.75 72.0
175.75 70.75
178.5 69.75
180.75 68.75
180.75 75.0
176.25 79.75
173.25 85.5
179.25 93.75
191.0 106.5
200.5 122.5
160.25 133.0
174.75 134.75
183.5 135.0
183.25 132.25
183.25 126.0
119.25 94.25
138.75 95.0
142.5 92.75
149.25 91.5
143.25 94.75
132.25 96.5
170.0 92.25
174.75 91.75
178.75 91.75
176.5 90.0
179.5 93.25
175.0 92.75
147.5 165.0
157.0 158.75
171.5 151.75
180.25 150.75
182.5 147.75
179.75 148.75
174.0 153.75
162.5 157.5
172.25 155.0
178.5 152.25
176.0 152.25
159.0 172.0
172.0 173.5
177.0 170.75
176.0 164.0
154.5 171.75
168.75 177.0
177.5 176.25
179.25 171.5
176.25 161.75
