78.0 32.0 162.0 162.0
122.75 64.25
133.0 57.75
148.5 57.0
158.25 62.5
171.25 63.5
173.5 63.5
175.25 64.75
175.75 72.5
171.5 79.5
170.75 75.75
177.5 82.5
190.75 92.75
202.0 106.5
164.0 121.0
177.75 122.75
186.25 123.0
185.75 121.5
184.0 118.0
119.25 84.5
131.75 73.25
142.0 73.25
147.75 82.75
140.75 86.25
130.25 86.75
167.5 86.25
169.5 78.75
175.25 80.25
172.75 87.0
175.75 90.0
172.25 89.0
157.75 152.0
167.5 145.75
178.5 141.25
184.25 142.5
186.5 139.5
186.5 139.5
183.75 144.0
171.25 148.0
179.0 146.0
183.25 144.75
183.5 144.5
171.5 148.75
179.5 146.75
183.5 145.25
184.25 145.0
169.0 152.0
179.0 151.0
184.0 150.0
186.5 148.25
185.75 146.75
