63.0 30.5 168.5 168.5
118.0 64.75
129.5 60.0
145.75 63.0
156.0 65.75
171.75 64.0
175.0 65.25
177.5 64.5
176.75 69.25
172.0 76.25
168.75 72.75
175.25 80.25
185.25 92.25
196.5 109.0
162.75 122.5
175.75 121.75
183.5 121.5
183.5 119.75
183.5 116.25
115.5 87.25
129.0 76.0
139.0 75.5
144.25 82.75
137.25 87.75
127.25 89.25
165.0 83.75
168.5 77.5
175.0 78.25
172.0 84.5
174.5 87.5
170.5 86.5
158.75 153.5
169.25 145.75
180.0 140.0
186.0 140.5
188.25 136.75
189.25 137.75
187.5 143.0
172.5 150.0
180.5 147.25
185.25 145.25
186.5 144.75
172.75 151.0
181.0 148.5
185.75 146.5
187.0 145.5
170.0 155.75
180.5 155.25
186.5 154.75
189.75 151.25
189.0 148.5
