62.0 45.5 170.5 170.5
124.25 71.75
137.25 69.5
153.25 75.5
163.25 80.0
181.75 79.5
185.25 80.5
189.0 79.0
188.0 82.0
182.25 86.75
175.0 89.0
179.0 98.25
185.25 113.5
191.25 133.25
154.75 137.5
168.0 139.5
176.0 141.0
177.25 138.25
179.25 133.25
117.25 92.25
133.0 84.75
143.75 85.5
148.0 93.0
139.0 97.25
128.25 97.0
170.5 96.25
176.0 90.25
183.0 91.75
179.25 96.25
179.75 101.0
175.5 99.75
143.0 166.0
155.0 161.25
167.25 158.0
173.5 159.5
177.25 156.0
178.75 156.0
176.75 159.25
157.5 165.5
166.25 164.5
172.0 163.0
174.5 161.75
157.5 166.5
166.5 165.75
172.25 164.25
174.5 162.75
153.5 170.5
163.75 172.25
170.5 172.75
175.0 169.25
175.75 165.75
