41.5 17.0 183.5 183.5
110.25 56.0
122.0 52.0
139.0 56.25
150.25 60.25
169.75 61.75
174.0 64.25
178.5 65.5
179.75 72.0
176.25 80.25
164.25 68.5
170.0 75.0
179.25 86.25
189.75 102.25
153.5 115.0
168.75 115.5
177.5 116.25
178.75 115.75
181.75 114.25
108.25 78.5
127.25 77.25
132.0 78.25
139.0 77.25
132.0 78.5
121.0 79.0
164.25 82.75
170.5 84.25
175.75 86.0
175.0 87.5
176.5 87.0
170.75 84.75
145.5 151.5
155.25 142.5
170.0 133.0
180.5 133.0
184.0 131.5
183.75 137.5
180.5 148.25
161.0 144.0
171.75 140.75
180.25 140.25
180.5 144.5
158.75 160.5
174.25 162.75
181.0 161.75
181.5 157.75
153.25 161.25
170.25 168.0
181.5 169.25
185.25 165.5
182.75 157.75
