61.5 28.5 170.0 170.0
115.75 64.5
127.75 60.5
144.75 64.25
155.25 67.5
173.25 66.25
177.0 67.75
180.5 67.25
180.5 71.75
176.0 78.5
168.5 75.25
174.25 83.0
183.5 96.0
193.5 113.5
157.25 125.25
171.75 125.0
180.25 125.5
180.75 123.5
182.75 119.75
112.75 86.75
132.25 86.5
136.25 85.5
143.0 84.0
136.75 86.5
126.0 88.25
166.25 86.25
172.25 86.75
176.75 87.75
175.25 87.75
177.5 89.0
172.25 87.5
148.25 159.75
158.25 151.75
172.75 142.75
182.5 142.0
185.25 139.25
184.0 143.25
179.5 151.5
163.5 152.75
173.75 149.75
181.25 147.5
180.25 149.5
160.75 168.5
175.0 170.0
181.0 168.0
180.75 162.25
155.5 169.5
171.5 175.75
181.75 176.25
184.5 171.0
181.5 161.5
