73.0 44.0 151.0 151.0
132.25 62.5
142.5 58.0
155.5 61.0
162.75 64.0
171.75 62.75
172.75 64.25
172.0 64.0
169.0 69.0
162.5 76.0
172.5 71.0
179.75 77.5
190.75 88.75
202.75 103.75
173.75 118.0
184.0 117.0
190.0 116.5
187.75 115.25
184.5 112.5
129.25 85.25
141.5 73.75
148.25 73.5
151.75 80.75
148.0 85.25
140.25 86.75
164.5 82.25
166.0 76.5
169.5 77.5
165.5 83.75
170.0 86.25
168.25 85.0
172.75 148.25
181.25 140.25
189.5 134.0
193.5 134.5
193.75 131.0
192.5 132.25
188.5 138.0
183.5 144.25
189.25 141.25
191.5 139.5
190.0 139.25
183.75 145.0
189.75 142.25
192.0 140.5
191.0 139.75
182.25 149.75
190.75 148.5
194.5 148.0
195.0 144.75
192.0 142.75
