69.0 38.0 160.0 160.0
122.25 64.25
134.25 60.5
150.25 64.75
160.0 68.5
175.75 68.0
178.75 69.5
181.25 69.0
180.25 73.75
174.75 80.25
172.0 76.75
177.75 84.5
187.0 97.5
196.5 115.0
162.0 125.5
175.0 125.75
182.75 126.25
182.75 124.5
183.0 121.0
118.0 86.25
132.25 76.25
142.25 76.75
147.0 84.5
139.75 88.75
129.5 89.25
167.5 87.25
171.25 81.25
177.5 82.75
174.25 88.5
176.25 91.75
172.5 90.5
155.5 156.0
166.5 149.25
177.75 144.5
183.75 145.5
186.25 142.0
187.0 143.0
184.75 148.0
169.5 153.75
177.5 151.75
182.5 150.25
183.75 149.75
169.5 154.75
178.0 153.0
182.75 151.5
184.0 150.5
166.5 159.25
177.0 159.5
183.0 159.5
186.25 156.25
185.75 153.75
