85.5 42.0 150.5 150.5
141.5 63.25
151.75 60.25
164.0 65.5
170.25 69.75
178.5 70.25
179.0 72.0
178.25 72.0
174.0 76.5
166.5 82.5
178.5 78.25
184.5 85.75
194.0 98.25
203.75 114.75
173.5 124.5
183.5 125.0
189.25 125.5
187.0 124.0
184.0 121.0
134.75 85.25
148.5 75.75
155.0 76.75
157.0 84.5
153.0 88.25
145.5 88.5
168.5 88.5
170.75 83.0
173.75 84.75
168.75 90.25
173.0 93.25
171.5 91.75
168.5 154.0
177.75 147.25
186.5 142.5
190.0 143.5
190.75 140.25
189.0 141.5
184.0 146.75
179.0 151.75
185.0 149.75
187.25 148.25
185.5 148.0
179.25 152.5
185.5 150.75
187.75 149.25
186.5 148.75
177.25 157.0
185.5 157.0
189.25 157.0
190.0 154.0
187.0 151.75
