98.5 58.0 148.0 148.0
148.5 77.0
159.75 74.75
171.25 80.0
177.0 83.5
185.75 81.5
186.25 81.75
185.5 79.5
180.75 81.5
172.25 85.0
184.0 91.5
188.25 100.5
195.0 114.75
201.25 133.0
169.75 138.75
179.75 139.5
185.25 140.0
183.5 137.0
181.5 131.5
138.25 97.0
153.75 89.25
160.25 89.25
161.0 95.75
156.25 101.0
148.25 101.5
172.25 96.5
175.75 90.75
178.75 91.25
172.75 94.75
176.25 100.0
175.0 99.5
159.5 166.25
169.75 161.0
179.0 156.75
182.5 157.25
184.0 153.25
182.25 152.75
176.75 155.25
170.25 164.25
176.5 162.5
179.0 160.25
177.75 158.0
170.25 165.25
176.75 163.5
179.25 161.25
178.5 159.25
167.5 169.5
175.5 170.0
179.25 169.5
180.75 165.5
178.5 161.5
