71.0 47.0 161.5 161.5
138.75 74.0
151.0 72.75
164.75 79.5
172.75 84.0
186.25 84.0
188.25 85.0
189.75 83.5
186.75 86.0
179.25 89.75
181.5 93.5
185.25 102.75
191.0 118.0
196.0 137.25
160.5 140.25
172.75 142.25
179.75 143.75
179.5 141.0
180.25 135.75
128.75 93.75
147.75 98.5
150.0 96.5
156.0 95.75
150.75 98.5
141.5 98.75
173.0 99.5
177.5 100.75
180.5 101.75
177.75 100.0
181.0 103.25
177.5 101.5
143.0 169.5
154.25 164.25
169.75 159.0
177.75 159.5
179.5 156.25
175.75 158.0
168.25 163.0
158.25 165.75
168.0 164.75
173.75 162.5
170.5 162.5
152.0 179.5
163.75 183.0
168.5 181.0
168.0 174.0
147.25 179.5
159.75 188.0
167.75 189.25
170.25 183.75
168.25 173.0
