84.5 51.5 160.5 160.5
143.75 73.0
155.25 71.5
168.0 77.75
175.0 82.25
186.0 82.0
187.0 83.25
187.5 81.75
183.75 84.25
175.75 88.25
182.75 91.25
187.0 100.25
193.5 115.0
199.25 133.75
166.0 138.0
176.75 139.5
183.0 140.75
182.0 138.0
181.0 133.25
133.5 93.0
149.25 86.0
157.0 87.0
158.5 94.25
152.5 98.5
143.75 98.0
172.75 97.75
176.75 92.0
180.75 93.5
175.0 97.5
177.75 102.25
175.75 101.0
154.5 165.75
165.5 161.0
175.75 157.5
180.0 158.5
182.0 155.0
181.25 155.0
176.25 158.0
166.5 164.75
173.5 163.5
177.0 162.0
176.5 160.5
166.5 165.75
173.75 164.75
177.0 163.25
177.0 161.5
163.25 170.0
172.0 171.25
176.25 171.25
178.75 167.75
177.25 164.25
