84.0 33.5 159.0 159.0
119.75 62.25
131.0 57.5
146.75 60.75
156.5 63.75
171.25 62.75
174.25 64.25
176.0 64.25
175.0 69.25
170.0 76.75
169.0 71.0
175.5 78.0
186.0 89.5
197.5 105.75
164.75 119.5
177.25 118.75
185.0 118.75
184.5 117.25
183.75 114.25
117.25 84.75
130.5 73.5
140.0 73.5
145.25 80.75
138.75 85.25
129.0 86.75
164.75 82.75
167.75 76.75
173.75 78.0
170.75 84.5
173.5 87.0
170.0 85.75
161.5 150.5
171.75 142.75
182.0 136.75
187.75 137.5
189.75 134.0
190.25 135.25
188.5 141.25
175.0 147.0
182.5 144.5
187.0 142.75
187.75 142.75
175.25 148.0
183.0 145.5
187.5 143.75
188.25 143.25
172.75 152.75
182.75 152.0
188.75 151.75
191.25 148.5
190.25 146.25
