73.5 34.0 159.0 159.0
126.0 63.75
136.75 59.0
151.5 61.75
160.0 64.5
171.75 62.75
173.75 64.25
174.25 63.75
172.0 68.5
166.25 75.5
171.0 71.5
178.0 78.25
188.75 89.75
200.75 105.5
169.25 120.0
181.0 118.75
188.0 118.25
186.5 116.75
185.0 113.25
123.5 86.5
142.5 84.5
143.5 83.5
148.75 81.5
145.25 84.5
137.0 86.5
165.0 82.75
169.25 83.0
172.25 83.75
168.75 84.0
173.25 84.75
169.5 83.75
163.5 155.0
172.0 145.75
184.5 135.5
192.0 133.75
192.25 131.0
189.0 135.5
183.5 144.25
176.25 146.25
185.0 142.0
189.25 139.5
185.75 141.75
175.25 161.75
187.75 161.5
191.25 159.0
187.75 153.75
171.0 163.25
186.0 167.5
194.0 166.75
193.75 161.5
187.5 153.25
