77.0 38.5 154.5 154.5
126.5 63.25
137.25 56.5
149.75 55.0
159.5 61.75
171.0 61.5
173.25 59.75
175.0 62.0
175.0 70.75
171.0 77.75
169.75 77.75
176.25 85.5
187.25 96.0
195.75 108.25
164.25 123.75
177.25 123.25
184.0 122.25
183.75 122.0
183.25 119.75
126.25 84.25
139.0 73.75
147.75 73.75
152.5 83.5
146.5 86.75
137.25 87.0
169.75 85.75
172.75 77.75
177.0 79.5
173.5 85.75
177.25 89.0
174.5 87.5
166.0 156.0
175.5 146.5
184.75 139.0
190.0 139.5
191.0 136.5
190.5 139.25
187.0 145.75
178.5 150.5
185.0 146.75
188.25 145.25
187.5 146.25
178.75 151.5
185.75 148.0
188.75 146.5
188.25 146.75
176.75 156.75
186.0 154.75
190.5 154.5
191.75 151.75
189.5 150.0
