75.5 46.0 150.0 150.0
135.25 58.25
144.25 52.25
154.25 51.75
162.0 59.0
169.5 60.5
170.0 59.5
169.5 62.75
168.25 72.0
163.5 79.5
171.0 75.0
178.0 82.0
189.75 91.0
199.25 101.75
171.75 117.5
182.75 117.25
188.25 116.25
186.25 117.0
183.75 116.0
135.5 78.75
153.25 78.75
152.75 79.5
156.75 79.75
154.75 80.0
148.25 80.25
168.25 84.25
171.75 84.25
173.25 86.0
168.25 87.0
174.25 87.0
172.25 85.0
171.75 153.5
179.25 142.5
190.0 130.75
196.0 129.75
194.75 128.5
190.0 135.5
183.0 146.5
183.5 143.0
190.25 138.0
192.25 137.25
186.75 142.0
182.75 158.75
193.0 158.0
194.75 156.75
189.0 153.75
179.25 160.5
192.75 163.5
198.5 163.75
196.25 160.25
187.75 154.0
