76.5 45.5 150.5 150.5
133.25 57.75
143.0 52.25
154.0 52.0
162.5 59.75
171.5 62.0
172.75 61.0
173.0 64.75
172.25 74.0
167.5 81.75
171.5 76.5
178.0 83.75
189.5 93.25
198.25 104.5
168.5 118.75
180.5 119.25
186.5 118.75
185.25 119.5
183.75 118.75
132.75 78.25
150.75 79.0
151.25 80.0
156.0 80.5
153.0 80.25
145.5 80.0
169.75 86.0
174.0 86.25
176.0 88.25
171.5 89.25
176.75 89.25
174.25 87.0
166.5 155.25
175.0 144.5
186.75 133.25
193.75 132.75
193.25 131.5
188.75 138.75
181.75 149.75
179.5 145.25
187.25 141.0
190.25 140.25
185.25 145.25
177.75 161.25
189.25 161.5
191.5 160.25
186.75 157.25
174.0 162.75
188.0 166.75
194.75 167.75
193.5 164.25
186.0 157.5
