77.0 43.5 150.5 150.5
124.75 63.0
134.75 55.5
146.5 53.0
156.25 59.0
167.0 58.25
168.75 56.25
170.0 58.25
170.75 67.0
166.75 74.5
167.5 74.25
174.75 81.5
186.75 90.75
196.25 102.25
166.75 120.25
179.25 118.75
185.5 117.0
185.0 117.0
183.5 114.75
126.25 83.75
138.0 72.5
146.25 71.75
151.25 81.25
146.0 85.0
137.25 86.0
167.5 82.25
169.5 74.0
173.5 75.5
170.25 82.25
174.5 85.0
172.25 83.75
171.25 152.0
179.75 141.75
188.0 133.5
193.0 133.75
193.5 130.5
192.75 133.25
189.5 140.25
182.75 145.5
188.75 141.25
191.5 139.5
190.25 140.75
183.25 146.5
189.5 142.25
192.25 140.75
191.25 141.0
181.75 151.75
190.5 149.0
194.5 148.5
195.5 145.5
192.5 144.25
