77.0 43.5 150.0 150.0
126.75 62.75
136.75 55.5
148.5 53.5
158.0 60.0
168.75 59.5
170.25 57.5
171.5 59.75
171.75 68.5
167.75 75.75
168.75 75.5
175.75 82.75
187.5 92.5
196.5 104.25
166.75 121.25
179.25 120.0
185.5 118.75
184.75 118.5
183.5 116.25
127.25 83.75
139.5 72.75
147.5 72.25
152.25 82.0
147.25 85.25
138.25 86.0
168.25 83.5
170.5 75.5
174.5 77.0
171.0 83.5
175.25 86.5
173.0 85.0
170.5 153.0
179.0 143.25
187.5 135.25
192.5 135.5
193.0 132.5
192.25 135.25
188.75 142.25
182.0 147.0
188.25 143.0
191.0 141.25
189.5 142.5
182.5 147.75
188.75 144.0
191.5 142.5
190.5 142.75
181.0 153.25
189.75 150.75
193.75 150.25
194.5 147.5
191.75 146.0
