71.5 43.5 161.5 161.5
138.75 69.5
150.5 64.25
162.5 64.25
170.25 72.0
180.75 72.5
182.75 70.25
183.25 71.75
181.25 79.5
175.5 84.75
176.75 89.0
181.5 98.25
190.5 111.0
196.5 124.75
163.0 134.75
175.5 135.75
182.25 135.5
181.5 134.5
181.25 130.75
134.5 90.0
152.75 93.5
154.0 92.25
159.25 92.5
155.5 93.75
147.0 94.0
174.5 95.5
179.0 95.25
181.25 96.25
177.25 94.75
181.75 97.75
179.25 96.0
154.0 169.0
164.25 160.25
178.5 151.25
186.25 150.75
186.5 148.0
181.5 152.25
173.25 159.75
169.0 161.25
177.75 157.75
181.75 155.75
176.75 157.5
164.0 176.0
175.5 177.0
178.75 175.0
175.75 169.25
160.0 177.25
173.0 182.75
179.75 183.5
180.0 178.25
175.25 168.75
