75.5 44.5 150.0 150.0
142.5 71.75
152.5 65.0
163.0 63.5
170.0 70.0
177.75 68.5
178.75 65.75
178.0 66.5
175.25 73.5
169.25 79.0
176.5 85.75
182.25 94.5
192.5 106.25
199.5 119.0
169.75 132.75
180.5 132.0
186.25 130.75
184.5 129.25
182.25 125.0
139.5 92.5
157.5 94.0
157.0 91.75
161.25 91.25
159.0 93.5
152.0 95.25
172.75 91.25
176.25 90.25
177.75 90.75
172.75 89.25
178.5 92.0
176.75 91.25
163.75 166.75
172.75 157.25
185.0 146.75
191.5 145.0
190.5 142.0
185.0 146.0
176.5 153.5
176.75 157.25
184.25 152.75
186.75 149.75
180.75 151.5
173.25 172.0
183.5 171.25
185.5 168.5
180.75 162.75
169.75 173.75
182.0 177.25
187.75 176.75
186.5 171.25
179.75 162.0
