56.0 38.5 170.0 170.0
117.0 67.25
130.0 61.0
144.75 60.0
156.25 67.25
173.25 67.0
177.5 64.75
182.25 66.5
184.25 75.0
181.25 81.25
167.25 84.5
171.75 93.5
180.25 106.25
186.5 120.25
150.5 132.0
165.75 133.0
174.0 132.5
176.0 131.75
179.25 128.5
115.25 88.25
129.5 78.75
140.75 79.0
146.25 89.0
137.25 92.5
126.0 92.25
170.75 91.5
176.0 83.25
183.25 84.75
180.25 90.5
181.5 95.0
177.0 93.75
147.25 164.75
158.5 156.75
170.5 150.25
177.5 151.25
180.5 148.0
182.0 150.0
180.5 155.75
162.5 161.0
171.0 158.0
176.5 156.5
178.5 156.75
162.5 162.0
171.5 159.25
176.75 157.75
178.5 157.5
159.0 167.0
169.75 166.25
176.0 166.5
179.75 163.5
180.0 160.75
