60.0 43.5 173.0 173.0
145.5 72.5
157.25 68.25
168.75 69.0
175.25 77.25
184.5 78.25
186.5 76.0
186.25 77.25
183.25 84.5
176.75 89.0
179.5 94.5
183.5 104.0
191.5 117.5
196.0 131.5
163.5 139.0
174.75 140.75
180.75 141.0
180.0 139.5
179.0 135.75
139.25 92.5
154.25 85.5
161.5 86.75
162.5 96.5
157.0 99.25
148.75 98.0
175.75 100.0
180.25 92.5
183.25 94.25
177.25 98.5
180.75 103.5
179.25 102.25
156.5 169.5
167.5 163.0
177.75 157.5
181.75 158.5
183.0 155.25
181.0 156.5
175.0 160.5
168.75 166.75
175.5 164.25
178.25 162.75
176.25 162.0
169.0 167.5
175.75 165.25
178.25 164.0
177.0 163.0
166.0 172.25
174.5 172.0
178.0 172.25
179.25 169.0
177.0 166.0
