78.0 53.0 150.0 150.0
146.75 77.75
157.5 71.5
168.0 70.0
174.25 76.25
181.75 73.75
183.0 70.75
182.0 70.5
178.5 76.75
171.75 81.0
179.0 91.75
184.0 101.0
193.0 113.75
198.75 127.25
168.25 139.0
179.0 138.25
184.5 137.0
182.75 135.0
180.75 129.75
142.0 98.0
159.75 100.5
159.25 97.5
163.5 96.75
161.25 99.75
154.25 101.5
174.5 95.75
178.0 94.25
179.25 94.75
174.25 92.0
180.0 96.0
178.5 95.5
159.25 171.25
169.0 162.75
182.0 153.25
188.25 151.5
187.5 148.0
181.5 150.75
172.5 156.75
172.75 162.75
180.5 158.75
183.0 155.25
176.75 155.75
168.25 176.75
178.0 176.25
180.0 173.25
176.0 166.75
164.5 178.25
176.25 182.25
181.75 181.75
180.75 175.75
174.75 165.75
