84.5 47.5 147.5 147.5
148.5 70.5
159.25 66.0
169.75 66.75
175.5 74.75
183.25 75.75
184.5 73.75
183.5 75.5
179.75 82.75
173.0 87.75
179.75 92.0
184.5 101.0
193.0 114.0
198.25 127.5
167.5 136.0
178.0 137.5
183.5 137.5
182.0 136.5
180.0 133.0
142.75 90.5
157.0 83.25
163.5 84.25
164.0 94.25
159.75 97.0
152.25 95.75
175.0 98.0
178.75 90.5
180.75 92.25
174.75 96.75
179.0 101.5
178.25 100.25
162.25 166.75
172.5 159.75
181.75 154.0
185.25 155.0
186.0 151.75
183.25 153.25
177.0 158.0
173.5 163.5
179.5 160.75
181.5 159.25
178.75 159.0
173.75 164.5
179.75 162.0
181.75 160.5
179.75 160.0
171.25 169.25
179.25 168.5
182.0 168.75
182.75 165.75
179.5 163.0
