55.0 40.5 168.5 168.5
123.25 69.75
136.5 64.25
151.0 64.25
161.5 72.0
177.75 72.25
182.0 70.0
186.0 71.5
186.75 79.5
182.75 85.0
170.75 89.75
174.75 99.5
182.5 113.0
187.5 127.5
151.25 136.5
165.75 138.25
173.75 138.25
175.5 137.25
178.5 133.5
119.5 90.5
134.75 82.25
145.5 83.0
150.0 93.0
141.0 96.25
130.25 95.25
172.75 96.25
178.5 88.0
185.25 89.5
181.5 94.75
182.75 99.75
178.75 98.5
145.5 168.25
157.25 161.25
169.25 155.75
175.75 157.0
178.75 153.5
179.75 155.25
177.25 160.0
160.5 165.5
169.0 163.0
174.25 161.5
175.5 161.25
160.5 166.5
169.25 164.25
174.25 163.0
175.75 162.0
156.75 171.25
167.25 171.25
173.0 171.5
176.75 168.5
176.75 165.25
