71.5 41.0 167.0 167.0
120.25 71.25
133.25 65.25
148.25 64.5
159.25 72.0
176.0 71.25
180.5 68.75
185.0 69.75
186.25 77.5
182.75 83.0
169.25 89.25
173.25 99.0
181.25 112.5
186.5 127.25
150.5 137.0
165.25 138.25
173.5 138.0
175.25 136.5
178.5 132.5
117.25 92.0
132.0 83.25
143.25 83.5
148.25 93.25
139.0 97.0
128.0 96.5
172.0 95.25
177.75 86.75
184.75 88.0
181.25 93.0
182.5 98.25
178.0 97.25
145.5 168.75
157.0 161.5
169.0 155.75
175.75 156.5
178.75 153.0
180.25 154.5
178.0 159.0
160.5 165.5
169.0 162.75
174.5 161.0
176.25 160.5
160.5 166.5
169.5 164.0
174.75 162.5
176.25 161.5
157.0 171.5
167.5 171.0
173.5 171.25
177.25 167.75
177.5 164.5
