73.0 57.0 162.0 162.0
127.75 81.0
141.5 75.5
156.0 75.0
165.75 82.0
181.5 80.25
185.75 77.0
189.25 76.5
189.0 82.5
184.25 86.25
173.5 98.75
176.5 109.25
183.25 124.0
187.25 139.25
150.25 146.0
165.0 147.25
172.75 147.0
174.25 144.5
177.75 138.75
122.75 100.5
141.75 105.25
145.75 102.25
152.5 102.0
146.0 104.75
135.25 105.5
174.5 102.25
181.0 101.25
184.5 101.75
182.75 98.25
185.0 103.25
180.75 102.5
139.25 176.75
150.0 170.25
165.5 163.25
174.75 162.75
177.25 159.0
174.5 160.75
167.25 165.25
155.25 171.25
165.0 168.75
172.0 165.75
169.25 164.75
149.0 184.25
161.5 186.25
166.75 183.5
167.25 176.0
144.5 185.0
157.5 191.75
165.75 192.5
168.75 186.25
167.5 174.75
