95.5 56.5 138.5 138.5
144.5 78.25
156.25 72.75
167.75 72.25
174.5 79.25
184.0 77.75
186.0 74.75
186.0 74.75
182.75 81.0
176.25 85.0
179.25 95.5
183.5 105.25
191.5 118.75
196.25 132.75
163.75 141.75
175.25 142.25
181.25 141.75
180.5 139.75
179.25 134.75
138.5 98.0
153.5 90.25
161.0 90.25
162.0 99.0
156.5 103.25
148.5 103.0
175.5 99.25
180.0 91.25
183.0 91.5
177.0 95.5
180.5 101.25
179.25 101.0
157.75 171.75
168.5 164.75
178.25 158.75
182.25 159.0
183.5 155.25
181.5 155.5
175.75 158.5
169.75 167.75
176.25 164.75
179.0 162.5
177.0 160.75
169.75 168.75
176.5 165.75
179.0 163.75
177.75 162.0
167.0 173.75
175.5 172.75
178.75 172.0
180.25 168.25
177.75 164.5
