54.0 43.0 169.5 169.5
135.0 72.25
148.0 67.75
161.25 68.5
169.75 76.75
183.0 77.75
186.25 75.5
188.25 76.75
187.0 84.25
181.5 89.0
176.25 94.5
179.75 104.25
187.0 118.25
191.25 133.0
155.25 139.75
169.0 142.0
176.5 142.25
176.75 141.0
178.75 137.0
129.25 92.25
147.75 97.25
150.75 96.0
156.75 96.5
151.25 97.75
141.75 97.5
175.5 100.25
181.0 100.25
183.75 101.75
181.0 99.5
184.25 103.0
181.0 101.25
143.25 172.75
154.5 165.25
170.0 157.75
178.75 158.0
180.25 155.25
176.25 158.75
168.25 165.0
159.25 166.75
169.0 164.25
174.75 162.5
171.0 163.25
153.25 180.75
165.25 183.25
169.75 181.5
168.75 175.0
148.5 181.5
161.5 188.5
169.25 190.0
171.25 184.75
168.75 174.25
