65.0 38.5 164.0 164.0
133.25 68.75
144.75 67.0
160.75 72.5
168.5 76.25
182.0 76.25
184.5 77.5
186.5 76.75
185.0 80.25
177.5 84.5
177.5 84.0
183.25 92.75
193.0 105.25
201.0 120.5
163.0 130.0
177.0 131.25
185.25 131.0
184.5 130.75
182.5 127.5
124.75 87.75
139.0 79.75
147.75 80.75
150.25 87.75
143.5 92.5
134.25 92.25
170.75 92.5
174.75 87.0
180.25 88.0
175.75 92.75
177.0 97.25
174.25 96.0
152.0 162.0
165.5 155.5
178.25 150.5
183.25 152.25
185.75 149.0
185.0 149.5
178.0 154.5
168.25 159.0
176.75 157.0
180.75 155.75
180.0 155.5
168.25 160.0
177.0 158.0
181.0 156.75
181.0 156.0
164.75 164.0
175.25 164.0
180.5 163.75
183.0 161.25
181.0 158.75
