74.0 53.0 160.5 160.5
136.0 78.5
147.75 76.75
163.75 81.75
171.0 85.0
185.0 83.0
187.5 83.5
189.25 81.25
187.75 83.0
179.75 85.5
179.75 92.0
184.5 101.5
193.25 115.5
199.75 131.5
161.5 138.0
175.0 139.75
183.5 139.25
182.5 138.0
181.0 133.0
126.25 95.75
141.0 88.75
149.75 88.75
152.0 94.75
144.75 100.25
135.5 100.5
172.25 97.0
176.75 91.25
182.25 91.25
177.5 94.75
178.25 100.5
175.5 100.0
148.25 168.0
162.0 163.0
175.0 158.5
179.75 159.5
182.25 155.75
181.75 155.0
174.5 157.75
164.25 165.75
172.75 163.75
177.0 162.0
176.25 160.0
164.25 166.5
173.0 164.75
177.0 163.0
177.25 161.0
160.5 170.5
170.75 170.75
176.0 170.25
178.5 167.0
177.0 163.25
