51.5 29.5 180.0 180.0
129.0 67.75
140.5 65.75
157.5 70.5
165.5 74.25
180.0 73.75
183.0 75.25
185.25 74.5
184.5 78.0
177.5 82.75
175.25 81.75
181.25 90.25
191.25 102.5
200.0 117.5
161.0 128.5
176.0 129.25
184.75 128.5
184.0 128.75
183.0 125.25
121.5 87.25
139.5 89.25
142.0 87.75
147.75 86.5
142.75 89.5
133.25 90.25
170.0 91.0
174.0 91.75
177.5 93.0
176.0 91.75
178.25 94.25
174.25 92.75
147.25 164.0
159.75 156.0
176.25 147.5
184.75 147.75
186.5 145.0
183.25 148.5
173.5 156.5
165.0 156.5
175.5 153.75
181.5 152.0
177.75 153.75
161.0 171.5
174.75 173.25
179.5 171.5
177.75 165.75
155.75 171.75
171.0 178.25
179.75 178.5
181.25 174.0
177.25 164.75
