61.0 32.5 172.0 172.0
112.5 67.75
124.5 64.5
143.75 67.75
154.0 70.5
172.75 68.75
177.5 69.75
182.25 68.75
184.0 72.5
179.25 78.0
166.5 77.25
172.5 85.5
183.0 97.0
192.25 112.0
153.75 125.75
169.5 126.0
179.0 124.75
180.25 124.75
180.75 121.5
108.75 87.5
121.75 78.0
132.5 77.75
138.0 84.5
129.75 90.0
119.0 90.75
166.0 87.0
170.25 80.75
178.5 81.0
176.0 86.5
175.75 91.25
171.0 90.0
146.0 159.25
159.0 151.75
172.75 145.75
179.75 147.0
183.0 143.5
185.25 144.25
181.5 150.25
163.25 155.25
173.0 152.5
179.0 151.0
181.0 151.0
163.5 156.25
173.5 153.5
179.25 152.25
181.5 151.5
159.75 160.75
171.5 160.0
178.5 159.25
182.5 156.75
182.75 154.25
