54.0 23.0 185.0 185.0
127.25 60.0
138.5 58.25
155.5 64.25
163.75 68.75
178.75 70.75
181.75 73.0
184.25 74.0
183.75 79.0
177.25 85.0
174.0 77.25
179.75 85.0
190.25 96.25
199.25 110.25
160.25 121.75
175.5 123.5
184.5 123.0
184.0 124.25
183.25 122.5
120.25 80.0
137.75 82.25
140.75 82.25
146.5 81.5
141.5 83.25
131.75 83.0
169.25 89.25
173.5 90.75
177.25 92.5
175.75 92.5
178.0 93.75
173.75 91.5
147.0 159.0
159.5 150.25
176.25 141.5
185.0 142.5
187.0 140.5
184.0 146.0
174.5 156.0
165.0 151.25
175.75 148.5
182.0 148.0
178.75 151.75
161.0 166.75
175.5 169.25
180.5 168.25
179.0 164.0
155.75 167.0
171.5 173.75
181.0 175.0
182.75 171.5
178.25 163.5
