58.0 27.0 170.0 170.0
118.75 58.25
130.5 56.25
148.75 61.75
158.0 66.25
175.5 68.25
179.75 70.75
183.75 71.75
184.75 77.25
179.25 84.0
169.75 74.5
175.5 82.25
185.5 92.75
194.5 106.75
155.75 119.5
171.25 121.0
180.5 120.5
181.25 122.0
181.25 120.75
113.25 78.75
126.75 70.0
137.0 71.75
141.5 79.75
133.5 83.25
123.0 82.5
167.75 87.5
172.0 82.25
179.5 84.25
176.5 90.5
176.5 93.5
172.25 91.25
146.25 153.25
159.75 145.75
173.75 140.75
180.5 143.25
183.5 140.5
185.25 143.25
180.5 151.25
163.75 150.25
173.5 148.5
179.25 148.25
180.75 150.25
164.0 151.25
174.0 149.5
179.5 149.25
181.25 150.25
160.0 155.25
171.75 155.5
178.75 156.0
182.5 154.5
182.25 153.75
