75.5 46.5 154.0 154.0
137.5 67.5
148.25 65.25
163.0 69.75
169.75 73.25
180.5 72.5
182.25 73.75
182.75 73.25
180.25 76.75
172.25 81.5
178.0 80.25
184.25 88.5
195.0 100.0
204.5 114.0
168.0 126.5
181.25 126.75
189.0 125.5
187.25 125.75
184.25 122.5
129.5 87.0
146.75 88.75
147.5 87.25
152.25 85.75
149.0 88.75
141.25 89.75
169.5 89.75
172.75 90.25
175.25 91.5
172.5 90.25
176.25 92.75
173.25 91.25
155.25 162.25
167.25 153.5
182.75 144.25
189.75 144.0
190.25 141.5
185.5 145.0
174.75 153.5
172.0 153.75
181.5 150.5
185.5 148.5
180.25 150.5
168.5 168.75
181.0 169.5
184.25 167.5
180.75 162.0
163.75 169.5
178.25 174.5
185.75 174.25
185.75 170.0
179.5 161.25
