69.0 35.5 167.5 167.5
134.5 64.5
145.75 63.0
161.25 68.75
168.75 73.0
181.25 74.0
183.5 75.75
184.75 75.75
183.25 79.75
175.5 84.75
177.5 81.0
183.5 89.25
193.75 101.0
202.5 115.5
165.0 126.0
178.75 127.5
186.75 127.0
185.75 127.5
183.0 125.0
126.25 84.0
140.25 76.0
148.5 77.5
150.75 84.75
144.75 89.0
135.75 88.5
170.25 91.0
174.0 85.75
179.0 87.0
174.5 92.25
176.25 96.25
173.5 94.5
155.0 158.5
168.25 151.5
180.75 146.5
185.5 148.5
187.5 145.5
186.75 146.75
179.5 153.0
171.0 155.5
179.25 153.5
183.0 152.75
181.75 153.0
171.0 156.25
179.5 154.5
183.25 153.75
182.75 153.5
167.75 160.5
178.0 160.5
183.25 160.25
185.25 158.25
183.0 156.5
