57.0 31.0 173.5 173.5
119.25 63.25
130.75 60.25
149.0 64.75
158.25 68.5
175.0 68.25
179.0 70.0
182.5 70.0
183.25 74.5
177.5 80.5
169.75 75.75
176.0 83.5
186.75 94.75
196.25 108.75
157.0 122.75
173.0 123.0
182.25 122.0
182.5 122.75
182.75 120.5
114.0 83.25
132.0 84.25
135.5 83.5
142.0 82.0
136.0 84.75
126.0 85.5
167.5 87.25
172.25 88.0
176.5 89.5
175.75 88.75
177.25 90.5
172.5 88.75
146.0 160.0
157.75 151.0
174.5 141.5
183.75 141.75
186.25 139.25
184.5 144.0
176.25 154.0
163.5 151.5
174.5 148.25
181.75 147.0
179.5 150.0
160.5 167.25
175.5 168.75
181.0 167.25
180.25 162.25
155.0 167.75
171.25 173.75
181.25 174.25
183.5 170.25
180.0 161.75
