59.5 37.0 172.0 172.0
124.5 72.75
136.25 69.5
154.0 72.75
162.75 75.5
178.0 72.75
181.25 73.5
184.0 71.75
183.75 74.5
177.0 78.75
173.25 82.0
179.5 90.5
190.0 102.75
199.0 118.0
161.0 130.0
175.5 130.25
184.25 128.75
184.0 128.25
182.5 124.25
118.5 91.75
132.0 82.5
141.5 82.25
145.5 88.25
138.5 94.25
128.5 95.25
168.75 89.5
172.5 83.5
179.0 83.25
175.25 87.75
176.25 93.0
172.75 92.25
152.25 162.5
165.25 155.5
178.25 149.25
184.0 150.25
186.5 146.5
186.75 146.5
180.75 151.0
168.75 158.5
177.5 155.5
182.0 153.5
182.0 152.5
168.75 159.25
177.75 156.5
182.25 154.5
183.0 153.25
165.5 163.75
176.25 162.75
182.0 161.75
184.75 158.75
183.5 155.75
