86.5 40.5 148.0 148.0
123.75 67.5
134.75 63.75
152.0 66.5
160.5 69.0
174.5 66.75
177.5 67.75
179.5 66.75
179.0 70.5
172.5 76.0
171.0 75.25
178.0 82.75
189.75 93.5
200.5 107.0
163.25 123.25
178.25 122.25
186.75 120.25
186.0 120.5
184.25 117.25
118.75 87.75
136.75 87.5
139.0 85.5
144.5 83.5
140.0 87.0
131.0 89.25
166.5 85.25
170.75 85.5
174.25 86.0
172.5 85.0
175.25 87.25
171.0 86.25
154.5 160.25
165.75 150.75
181.0 140.0
189.25 139.0
190.5 136.25
187.75 140.25
179.0 149.5
171.0 150.5
181.0 146.25
186.5 143.75
183.0 146.25
169.0 166.0
182.75 165.75
187.0 163.25
184.5 158.0
164.0 167.0
179.75 171.25
188.5 170.25
189.25 165.75
183.75 157.0
