63.0 26.5 167.5 167.5
118.5 56.75
129.75 54.0
147.5 58.25
156.75 62.25
172.5 63.5
176.0 66.0
179.25 67.25
179.75 73.0
174.5 80.25
168.0 69.75
174.75 76.5
186.25 85.75
197.0 98.25
160.0 114.5
175.0 114.5
184.0 113.25
184.0 115.0
183.0 114.5
114.25 77.5
127.0 67.75
136.5 69.25
141.25 77.0
134.25 80.75
124.25 80.5
165.75 83.5
169.0 78.25
175.75 80.0
173.0 86.75
174.0 89.25
170.25 87.0
154.0 148.5
166.75 139.75
179.75 133.5
186.0 135.5
188.5 133.0
189.5 136.0
184.75 145.0
170.75 144.0
180.0 141.5
185.0 141.0
185.5 143.5
171.0 144.75
180.5 142.5
185.25 142.0
186.25 143.25
168.0 149.25
179.25 148.25
185.5 148.5
188.5 147.0
187.5 146.75
