61.0 27.5 174.0 174.0
132.0 60.5
142.75 58.5
158.5 63.75
166.0 68.0
178.25 69.5
180.5 71.5
181.75 72.25
180.25 77.0
173.0 83.0
175.0 76.0
181.5 83.5
192.75 94.25
202.75 107.5
165.5 120.5
179.75 121.5
188.0 120.5
186.75 121.75
184.25 120.0
125.0 80.5
142.5 82.25
143.75 82.0
149.0 81.0
145.25 83.0
136.5 83.25
168.75 88.0
172.25 89.25
175.25 90.75
173.0 90.5
176.25 92.0
172.75 89.75
153.75 157.75
165.75 148.5
181.75 139.25
189.5 139.5
190.5 137.75
186.5 143.0
176.5 153.25
171.0 149.25
181.0 146.0
186.0 145.0
181.25 148.75
167.75 164.75
181.25 166.25
185.25 165.0
182.25 160.75
163.0 165.25
178.25 171.0
186.75 171.5
187.0 168.0
181.25 160.5
