62.0 43.5 173.0 173.0
148.25 72.5
162.25 70.25
175.75 74.75
181.0 81.5
188.25 83.75
189.0 83.5
187.75 83.5
182.25 89.5
174.0 92.75
184.0 96.25
188.0 104.75
196.5 116.0
203.5 128.5
168.25 137.75
179.75 139.25
186.0 139.25
183.75 138.25
180.75 134.5
139.5 93.0
155.25 85.0
162.75 87.0
163.0 97.0
157.75 101.0
149.5 99.5
174.0 101.5
178.25 94.5
181.0 96.0
174.25 101.25
178.0 107.0
176.75 105.5
160.0 168.5
171.5 161.75
182.0 156.75
185.25 157.5
186.25 154.5
183.5 156.0
176.25 160.75
172.25 165.25
178.5 162.75
181.0 161.25
178.25 161.5
172.25 166.0
178.5 163.75
181.0 162.5
179.5 162.25
169.0 170.25
176.25 170.0
179.5 169.75
181.25 167.25
178.75 165.25
