76.0 44.0 150.0 150.0
133.75 58.75
146.25 53.75
160.75 56.0
168.0 62.5
175.75 65.5
176.75 66.0
175.75 68.25
172.75 77.5
166.0 83.75
175.25 76.5
181.75 83.0
193.25 90.25
204.0 99.5
172.5 118.0
184.75 117.25
191.0 116.0
188.25 117.25
185.0 116.25
131.5 81.0
151.0 81.75
151.25 82.0
155.5 82.0
153.25 82.75
145.25 83.25
168.25 87.75
172.0 88.75
174.25 90.5
169.25 91.25
175.25 91.75
172.5 89.5
169.75 154.5
178.5 143.5
190.75 132.25
197.25 131.25
196.25 130.0
191.5 137.0
183.5 148.5
182.5 144.0
190.0 139.25
192.75 138.25
187.5 143.5
180.5 159.5
191.25 159.25
193.5 157.75
188.75 155.0
176.75 161.0
189.25 164.5
195.5 164.75
194.5 161.25
187.5 155.25
