73.0 45.0 153.5 153.5
139.5 66.25
152.25 61.0
166.25 62.75
172.5 68.5
179.5 69.75
180.25 69.5
178.75 70.0
174.5 77.75
167.25 82.75
178.5 82.25
184.5 89.5
195.5 98.25
205.25 108.75
173.5 125.75
185.0 124.75
190.75 123.5
188.25 123.25
184.25 120.75
135.5 88.25
149.0 77.0
156.5 77.5
158.75 87.75
155.0 92.25
146.75 92.5
170.0 90.5
172.25 82.75
175.0 84.0
169.5 90.75
174.75 95.25
173.25 93.75
173.0 157.5
182.5 148.25
191.25 141.25
194.5 141.5
194.75 138.5
192.25 141.0
186.0 147.75
183.75 151.75
189.25 148.0
191.0 146.25
188.25 147.5
184.0 152.5
189.5 149.0
191.25 147.5
189.75 147.75
182.0 157.5
189.0 155.5
192.0 154.75
192.5 152.0
189.5 151.0
