63.5 44.5 168.0 168.0
139.0 72.25
153.75 68.5
169.25 72.0
176.25 78.25
185.75 79.5
187.25 79.25
187.25 78.75
183.25 85.25
175.75 88.75
181.25 92.75
185.75 101.25
194.75 112.25
202.5 124.5
166.0 136.25
179.0 137.0
185.75 136.5
184.0 135.5
182.0 131.5
132.25 93.25
148.0 84.25
157.0 85.25
158.75 95.25
152.5 100.0
143.0 99.25
173.25 98.5
177.5 91.0
181.5 92.0
175.75 97.5
179.0 103.25
177.0 102.0
159.5 167.5
171.0 160.25
182.0 154.5
186.25 155.0
187.5 151.75
185.75 153.25
179.5 158.25
172.5 163.5
179.25 160.5
182.5 159.0
180.75 159.0
172.5 164.25
179.5 161.5
182.5 160.0
181.75 159.5
169.5 168.75
177.25 168.0
181.25 167.75
183.25 164.75
181.5 162.75
