72.0 44.5 149.5 149.5
120.0 64.25
133.25 56.75
150.25 56.0
159.5 60.75
170.75 60.75
172.75 60.5
173.75 61.25
173.0 70.0
167.75 76.25
169.75 73.5
176.5 80.0
188.5 87.0
200.0 96.0
168.0 118.5
181.25 115.75
188.25 113.5
187.0 114.0
184.75 112.0
120.5 86.5
132.75 73.25
142.75 72.5
148.5 82.25
143.0 87.5
132.75 89.0
166.0 83.5
167.75 75.25
173.0 76.25
170.0 84.0
174.25 87.5
171.0 86.25
171.5 151.0
180.75 140.25
190.0 131.75
195.0 131.5
195.75 128.5
195.25 131.5
191.75 139.5
183.75 143.75
190.0 139.25
193.0 137.25
192.5 139.0
184.0 144.5
190.25 140.0
193.5 138.25
193.5 139.0
182.25 149.75
190.0 146.75
194.5 146.0
196.25 143.0
194.5 142.25
