76.5 45.0 151.5 151.5
132.25 56.0
144.5 51.25
159.0 53.75
166.25 60.25
174.25 64.0
175.0 65.0
174.25 67.75
171.5 77.75
165.25 84.25
174.25 74.5
180.75 80.5
192.5 87.25
203.5 96.0
172.5 114.75
184.75 114.25
191.0 113.0
188.5 114.5
185.0 114.5
130.5 78.25
150.0 78.5
150.25 79.5
154.5 79.75
152.25 80.25
144.25 80.0
167.5 86.5
171.25 87.75
173.5 90.0
168.75 91.0
174.5 91.25
171.75 88.5
170.75 151.5
179.5 140.0
191.5 128.75
197.75 128.0
196.75 127.0
192.25 134.75
184.75 147.0
183.25 140.75
190.75 136.0
193.5 135.5
188.5 141.5
182.0 156.5
192.75 156.25
195.0 155.25
190.25 153.0
178.25 157.75
191.0 161.5
197.5 162.0
196.25 158.75
189.0 153.5
