64.5 38.0 170.0 170.0
137.25 72.5
151.25 67.0
166.5 68.25
173.5 73.75
182.0 73.25
183.25 72.5
182.75 72.0
178.75 78.5
171.5 82.5
179.5 87.25
184.75 95.0
195.25 105.0
204.25 116.25
170.0 132.25
182.5 131.25
188.75 129.75
186.75 128.75
183.75 125.0
132.5 94.0
147.0 83.0
155.5 82.75
158.0 92.25
153.0 98.0
143.75 98.5
171.5 93.25
174.5 85.25
178.25 85.5
172.75 91.5
177.0 97.0
175.25 96.25
167.25 163.5
177.5 155.0
187.25 148.0
191.25 147.75
192.0 144.5
190.0 146.0
184.0 151.25
179.0 158.0
185.25 154.25
187.75 152.0
185.75 152.0
179.25 158.75
185.5 155.25
188.0 153.25
186.75 152.75
176.75 163.75
184.0 161.75
187.75 160.75
189.0 157.5
186.75 155.5
