74.0 46.0 154.5 154.5
122.0 63.75
137.25 58.5
155.0 60.5
164.5 66.75
177.75 68.5
180.25 68.75
182.75 69.75
181.75 78.25
176.25 84.0
173.5 81.25
178.75 88.75
189.25 97.75
198.75 109.0
161.25 125.75
176.5 125.5
184.5 124.5
183.75 124.75
184.0 122.25
119.5 86.0
140.0 87.5
143.5 86.75
150.0 86.5
144.5 88.25
133.5 89.0
170.25 90.75
175.5 91.5
179.5 93.25
176.5 92.5
180.25 94.5
175.75 92.5
155.0 162.5
165.5 152.25
180.5 142.0
189.25 141.0
190.25 139.0
187.25 144.75
180.0 155.0
170.5 152.75
180.0 148.75
185.75 147.0
182.75 151.0
167.0 168.5
179.75 169.0
184.5 167.25
182.75 163.0
162.25 169.5
175.75 174.5
184.5 175.0
186.25 170.5
182.25 162.75
