65.0 44.0 167.5 167.5
139.25 77.25
154.5 73.75
170.25 76.75
177.0 82.75
187.0 83.0
188.75 82.0
189.25 80.75
185.0 86.25
177.5 89.0
181.75 96.75
185.75 105.5
194.25 117.25
201.25 130.0
164.25 140.5
177.25 141.25
184.0 140.5
182.75 139.0
181.0 134.25
131.75 97.75
148.0 89.0
157.25 89.5
158.75 99.0
152.25 104.25
142.5 103.75
174.0 100.75
178.5 93.0
182.75 93.5
176.75 98.25
179.75 105.0
177.5 104.25
156.5 171.0
168.25 164.0
179.5 158.5
183.75 158.75
185.25 155.5
183.75 156.25
177.5 160.0
169.5 167.0
176.5 164.0
180.0 162.25
178.5 161.5
169.5 168.0
176.75 165.25
180.0 163.25
179.5 162.25
166.25 172.25
174.25 171.5
178.25 171.0
180.75 167.75
179.0 165.0
