56.0 35.0 178.5 178.5
136.5 72.0
152.0 68.75
168.25 72.75
175.5 79.75
186.25 81.5
188.25 81.25
189.25 81.0
185.75 87.5
178.5 91.0
180.75 94.5
184.75 103.25
193.25 114.75
200.5 127.5
162.75 137.5
176.25 139.0
183.25 138.75
182.25 137.75
181.0 134.0
129.25 92.75
145.5 84.25
155.25 85.75
157.25 96.0
150.25 100.25
140.0 99.0
173.75 100.25
178.5 92.75
183.25 94.25
177.75 99.75
180.25 105.5
177.5 104.0
154.75 168.75
166.75 162.0
178.5 156.75
183.0 157.5
185.0 154.5
183.75 156.0
177.75 161.0
168.5 165.5
175.75 163.0
179.5 161.5
178.5 161.75
168.5 166.25
176.0 164.0
179.5 162.75
179.25 162.25
165.0 170.75
173.25 170.25
177.75 170.25
180.5 167.5
179.0 165.5
