74.0 35.5 164.5 164.5
135.5 64.75
148.25 59.0
162.75 60.25
169.75 66.0
177.5 67.25
178.25 67.0
177.25 68.0
173.75 76.0
167.0 81.5
176.75 79.75
183.0 86.5
194.5 95.0
204.75 105.0
173.0 123.25
184.75 122.0
190.75 120.5
188.25 120.5
184.5 118.25
132.75 87.0
145.75 75.25
153.5 75.5
156.75 85.75
152.75 90.25
144.0 90.75
169.0 88.5
171.0 80.75
174.25 82.25
169.25 89.25
174.5 93.25
172.75 91.75
173.75 155.25
183.0 145.5
191.75 138.25
195.25 138.5
195.5 135.5
193.5 138.25
187.75 145.5
184.5 149.0
190.0 145.25
192.25 143.5
189.75 145.0
184.75 150.0
190.5 146.25
192.5 144.75
191.0 145.25
183.0 154.75
190.0 152.75
193.25 152.0
194.0 149.5
191.25 148.5
