67.5 36.0 166.0 166.0
119.5 66.5
133.5 59.25
151.0 58.5
160.5 63.25
172.75 63.0
175.0 62.5
176.5 63.0
176.0 71.0
170.5 77.0
170.75 76.5
177.25 83.25
188.75 91.25
199.5 101.0
166.0 122.25
180.0 120.0
187.25 117.75
186.25 117.75
184.5 115.25
119.5 88.75
132.25 75.75
142.75 75.0
148.5 84.75
142.25 90.0
131.75 91.5
167.0 85.25
169.5 77.0
175.25 77.75
172.0 85.25
175.75 89.25
172.25 88.25
168.0 155.0
177.75 144.75
187.75 136.5
193.0 136.25
194.0 133.0
193.75 135.5
190.5 142.75
180.75 148.0
187.5 143.5
191.0 141.5
190.75 142.75
181.0 148.75
187.75 144.5
191.5 142.75
191.5 143.0
179.0 154.0
187.0 151.25
191.75 150.5
194.0 147.25
192.5 146.25
