67.0 30.5 166.5 166.5
131.0 55.5
143.5 51.0
158.25 53.5
165.75 60.0
174.0 63.75
175.0 64.75
174.5 67.5
172.0 77.5
165.75 84.5
173.75 74.25
180.25 80.25
192.0 86.75
203.25 95.5
171.75 114.25
184.5 113.75
190.75 112.75
188.25 114.25
185.25 114.25
129.5 77.75
149.0 78.25
149.5 79.25
154.0 79.5
151.5 79.75
143.25 79.75
167.5 86.5
171.25 87.75
173.75 90.0
169.0 91.0
174.75 91.0
172.0 88.5
170.25 151.25
179.0 139.75
191.0 128.5
197.5 127.75
196.75 126.75
192.25 134.5
185.0 147.0
183.0 140.5
190.5 135.75
193.5 135.25
188.5 141.25
181.5 156.25
192.5 156.0
195.0 155.0
190.25 153.0
177.75 157.5
190.75 161.25
197.25 161.75
196.25 158.75
189.0 153.5
