60.5 40.0 167.0 167.0
123.0 72.0
138.5 66.75
157.0 68.25
166.25 73.75
180.25 73.75
183.0 73.0
185.5 72.5
184.5 79.25
178.5 83.5
174.75 88.0
179.75 96.25
189.25 107.0
198.0 119.0
159.5 134.0
174.75 133.75
183.0 132.5
182.5 131.5
183.0 127.25
119.5 93.75
140.0 96.0
144.0 93.75
150.5 92.75
144.5 96.0
133.5 97.5
171.25 94.5
176.75 94.75
181.0 95.75
178.25 93.5
181.5 97.25
176.75 96.0
151.5 168.75
162.0 159.75
177.75 150.25
186.25 149.25
187.75 146.25
184.5 150.25
177.0 158.25
167.0 160.0
176.75 156.25
182.75 153.5
179.75 155.75
162.75 174.75
175.25 175.25
180.25 173.0
179.0 167.25
158.0 175.75
171.0 181.0
179.5 181.0
181.75 175.5
178.75 166.5
