64.0 38.0 171.0 171.0
139.5 70.75
154.0 66.75
169.0 69.75
175.75 76.0
184.5 77.25
186.0 77.0
185.5 76.75
181.25 83.5
174.0 87.25
181.0 90.25
185.75 98.5
195.25 109.0
203.5 121.0
167.5 134.0
180.5 134.25
187.25 133.5
185.0 132.75
183.0 129.0
133.5 92.25
153.0 95.75
154.25 94.0
159.0 93.5
155.75 96.25
146.75 96.75
173.0 96.75
176.75 97.5
179.25 98.75
174.75 96.75
180.0 100.25
177.25 98.75
157.25 168.25
168.25 159.25
183.0 150.5
190.0 149.75
189.75 147.0
184.25 151.25
174.75 159.25
172.25 160.0
181.0 156.25
184.5 154.0
179.25 156.25
167.0 174.25
178.0 175.0
181.0 172.75
178.0 167.5
163.0 175.0
174.5 180.25
181.25 180.5
181.5 175.5
177.0 167.0
