74.0 49.5 164.5 164.5
119.5 76.0
136.25 71.5
155.5 73.75
165.5 79.75
181.5 79.75
185.25 78.75
189.25 77.5
188.75 83.75
183.25 87.0
173.75 94.25
177.75 103.25
185.75 115.25
193.25 128.75
152.75 140.0
169.0 140.5
177.5 140.0
178.0 138.5
180.25 133.5
115.25 96.75
135.75 100.75
141.0 98.0
148.25 97.25
141.0 100.75
128.75 101.75
172.0 99.25
178.0 99.75
182.75 100.5
181.25 97.5
183.25 102.25
177.75 101.0
142.5 173.0
153.5 165.25
170.0 157.5
179.5 157.0
181.75 153.75
179.5 156.75
172.25 163.5
158.75 166.0
169.0 163.0
176.5 160.5
174.25 161.5
153.25 179.75
166.25 181.5
172.0 179.25
172.5 172.75
148.5 180.25
161.25 186.75
170.25 187.25
174.0 181.75
172.75 172.0
