52.5 37.5 174.0 174.0
118.25 68.0
134.25 63.0
153.25 65.25
163.5 71.5
178.75 72.75
182.25 72.5
186.25 72.75
186.0 80.75
180.75 85.5
172.5 86.5
177.25 94.5
186.25 105.0
194.75 117.25
156.0 131.75
171.75 132.0
180.0 131.5
180.5 130.75
181.25 127.75
115.0 89.75
130.25 79.25
142.5 80.25
147.75 90.5
138.5 95.25
126.75 94.75
170.5 94.0
175.25 86.0
183.0 87.5
179.25 94.0
180.5 99.25
176.0 97.75
151.25 164.25
163.25 156.5
175.75 150.25
182.0 151.0
184.5 148.0
185.5 150.0
182.25 156.25
166.5 160.25
174.75 157.25
180.0 155.75
181.25 156.5
166.5 161.0
175.0 158.25
180.0 157.0
181.5 157.0
163.0 165.75
172.25 165.0
178.25 164.75
182.25 162.0
182.5 160.5
