36.0 41.5 158.0 158.0
73.5 66.75
83.25 62.5
97.75 64.5
110.5 71.25
138.75 71.0
148.75 70.25
165.75 70.5
180.0 78.75
188.0 86.0
123.25 88.75
122.25 98.5
120.0 111.75
116.75 126.25
96.5 130.5
108.75 135.25
116.5 137.75
125.0 138.25
140.0 136.75
74.25 86.0
81.75 77.25
94.25 78.5
103.5 88.75
89.25 90.25
79.25 89.25
145.0 94.75
152.5 86.25
168.5 88.25
174.0 95.75
164.25 99.75
153.5 97.75
85.75 160.25
93.25 157.25
103.75 155.5
113.5 160.0
121.25 158.25
132.5 161.75
143.5 167.75
99.0 162.75
108.25 164.0
118.5 165.5
131.75 167.5
98.75 163.75
108.25 165.25
118.25 166.75
128.5 167.75
94.0 166.5
103.25 170.75
111.75 173.75
121.75 173.25
132.25 171.5
