38.0 44.0 159.5 159.5
63.0 83.25
71.0 77.0
85.75 75.0
100.0 78.25
127.25 70.25
136.75 66.75
153.0 62.25
169.0 66.25
178.75 70.75
117.25 91.75
118.75 101.75
120.25 115.25
121.25 130.25
102.75 139.0
115.75 140.5
123.75 141.0
132.0 139.0
146.0 133.5
69.0 101.5
73.75 91.5
86.25 89.5
97.75 96.75
84.5 102.0
74.75 103.75
139.5 91.25
144.5 81.25
160.5 78.5
167.75 84.0
159.5 90.75
148.5 92.0
100.25 170.0
106.75 165.5
116.5 161.25
127.0 163.0
133.75 159.25
145.75 159.5
157.75 162.0
113.75 169.25
123.0 168.25
133.25 167.0
146.25 165.0
113.75 170.25
123.25 169.25
133.25 168.25
143.25 166.25
110.0 174.0
120.0 175.75
129.0 176.5
138.5 173.5
148.0 168.75
