32.0 44.0 162.5 162.5
68.25 71.25
76.25 67.25
89.5 68.75
102.0 75.0
129.75 73.5
139.75 72.0
157.75 71.25
173.5 78.5
183.5 85.0
115.0 92.25
113.75 102.25
110.5 116.25
106.75 131.25
91.0 134.5
102.25 139.25
109.0 141.5
118.0 141.75
133.5 139.5
70.5 90.0
76.0 81.75
87.5 82.5
97.25 92.25
83.5 94.25
74.5 93.5
138.25 96.75
145.25 88.0
161.75 89.0
168.75 96.0
157.75 101.0
146.5 99.5
82.75 163.0
88.5 160.5
97.75 159.25
107.0 163.5
114.5 161.75
126.5 164.75
139.0 169.75
94.5 166.0
102.75 167.25
112.75 168.75
126.75 170.0
94.25 166.75
102.75 168.5
112.5 170.0
123.0 170.5
90.0 169.5
98.0 174.0
106.0 176.75
116.0 176.25
127.25 174.0
