41.5 37.0 172.0 172.0
65.75 79.5
74.75 73.25
90.25 71.5
104.5 75.0
132.25 68.0
141.5 65.0
157.5 61.5
172.5 66.0
181.0 71.5
121.5 89.0
123.0 98.5
125.0 111.75
126.25 126.25
105.25 136.25
119.0 137.5
127.25 138.0
135.5 136.5
149.25 131.25
71.0 98.5
77.0 88.0
89.75 86.25
101.25 93.75
87.5 98.75
77.25 100.5
143.0 89.75
148.25 79.75
164.0 77.75
170.75 83.75
162.75 90.0
152.0 90.5
101.5 167.75
108.75 163.0
119.25 158.5
130.0 160.25
137.0 156.75
148.5 157.25
159.5 160.5
116.0 166.75
125.5 165.75
136.0 164.5
148.5 163.0
115.75 167.75
125.75 166.75
135.75 165.75
145.75 164.25
111.75 171.75
122.5 173.25
131.5 174.25
141.0 171.25
150.25 167.0
