33.0 36.0 170.0 170.0
67.5 68.25
74.25 62.75
85.25 62.5
96.25 67.5
122.0 64.75
131.75 63.0
149.75 62.25
166.25 69.75
178.25 77.75
108.0 83.25
105.5 92.0
100.5 103.75
95.25 117.0
84.0 125.25
93.5 128.75
99.5 130.25
108.5 131.0
124.5 129.5
69.5 86.5
73.5 77.0
84.0 76.75
92.5 85.75
80.0 88.25
72.0 88.5
131.5 88.5
138.25 79.5
154.5 80.0
162.5 88.0
150.5 92.0
139.25 90.75
76.0 155.5
80.25 151.25
88.25 148.75
97.0 152.5
104.25 150.75
117.0 154.75
131.25 162.25
85.75 156.75
93.25 157.5
103.0 158.75
117.75 161.25
85.5 157.75
93.0 158.5
102.5 160.0
113.75 161.5
81.5 160.75
88.25 164.0
95.75 166.75
106.0 166.5
118.25 165.5
