34.5 36.0 186.5 186.5
69.25 80.75
79.75 76.25
99.25 77.75
112.75 81.0
141.5 75.5
150.5 74.25
168.75 70.5
182.5 74.0
186.75 77.75
127.75 91.75
130.25 102.25
133.25 118.0
135.5 135.75
110.5 140.25
125.0 144.25
134.5 145.25
141.75 143.25
153.0 137.0
73.25 97.25
81.25 89.0
96.0 88.25
107.5 95.25
93.0 100.25
81.0 100.75
146.5 94.5
155.0 86.0
171.75 84.75
176.75 90.0
168.25 96.75
156.75 97.0
105.5 169.25
114.25 165.5
125.5 162.75
135.0 164.75
141.0 161.75
150.75 162.0
160.5 165.5
120.75 169.0
130.0 168.75
139.25 168.0
150.25 167.0
120.5 169.75
130.25 170.0
139.25 169.25
147.5 168.0
116.0 173.25
126.0 176.0
135.25 177.25
144.25 174.75
152.0 171.0
