38.0 20.5 185.5 185.5
93.5 57.0
107.0 53.25
127.0 57.75
139.0 63.5
164.25 65.5
171.5 67.0
184.0 69.75
191.5 78.75
190.75 86.0
151.0 76.75
153.5 85.25
158.0 97.75
161.5 112.0
126.75 120.75
142.5 125.5
152.75 127.25
158.0 127.75
165.75 126.25
91.0 76.0
103.75 67.25
118.0 69.75
126.25 80.0
112.5 81.25
100.0 79.5
160.5 88.75
169.25 82.0
182.75 85.0
183.75 93.0
178.5 95.25
169.25 92.75
116.25 151.25
128.25 146.5
141.25 144.0
150.25 147.75
156.0 145.75
163.0 149.25
168.25 157.75
133.25 152.0
143.0 152.5
151.75 153.75
160.0 156.25
133.0 152.75
143.25 153.75
151.75 155.0
158.25 156.25
127.75 156.25
138.75 159.25
147.75 161.75
155.75 161.25
161.5 160.5
