28.0 36.0 167.5 167.5
58.0 82.0
63.75 76.0
78.0 74.75
89.75 76.25
116.0 67.5
125.0 65.5
145.5 60.25
164.25 63.25
174.25 67.75
104.0 85.0
105.0 94.25
105.0 108.5
104.75 124.75
93.0 134.5
104.0 137.0
111.5 137.0
120.5 135.25
134.25 129.25
65.0 97.75
67.75 88.25
80.0 86.0
92.0 92.0
79.25 98.0
69.75 99.75
129.0 88.0
135.75 78.25
153.25 75.25
162.5 81.0
151.5 88.0
139.0 89.25
91.25 164.25
96.75 159.25
105.0 155.5
114.0 157.5
120.25 154.25
131.75 155.0
146.0 159.75
103.5 163.0
111.5 162.25
120.75 161.5
133.75 161.0
103.5 163.75
111.75 163.5
120.75 162.75
130.5 162.0
99.75 167.75
107.75 169.75
116.5 170.75
126.0 168.5
135.75 165.0
