36.0 42.5 165.5 165.5
56.75 88.25
62.5 82.5
77.75 81.75
89.75 83.25
116.25 73.75
125.5 71.25
145.75 64.75
164.5 66.25
174.0 69.25
105.25 91.75
106.75 101.5
108.25 117.0
109.25 134.25
96.5 140.75
108.25 143.75
116.0 144.25
124.5 141.5
137.5 134.5
64.75 103.0
67.5 94.5
79.75 92.0
92.25 97.25
79.75 103.75
70.0 105.5
130.0 92.25
136.25 82.5
154.0 78.75
163.0 83.5
152.5 91.5
140.25 93.25
96.5 169.5
101.75 165.25
110.25 162.0
119.5 163.75
125.5 160.25
136.5 160.25
150.5 163.25
109.0 168.5
116.75 168.0
126.0 167.0
138.75 165.5
108.75 169.5
117.25 169.0
126.25 168.0
135.75 166.5
105.25 173.25
113.75 175.25
122.5 176.25
131.75 173.25
140.75 169.25
