32.5 38.0 169.0 169.0
81.25 73.0
92.0 67.75
109.0 69.75
121.0 75.5
148.5 76.0
158.0 76.25
172.0 76.5
183.75 85.75
186.25 90.75
133.0 88.75
133.5 99.0
134.25 114.5
134.5 130.0
108.0 135.5
122.0 139.0
130.75 141.25
137.5 140.5
149.5 137.75
83.25 90.5
91.0 82.5
103.75 82.75
112.25 90.5
99.25 95.25
89.0 94.5
148.75 97.25
155.75 91.0
170.5 94.0
173.25 100.5
165.25 105.0
155.75 102.75
98.5 164.5
106.75 161.25
118.5 160.25
126.75 163.75
132.75 161.5
142.0 164.25
149.75 169.25
112.25 166.75
121.5 167.75
130.0 168.5
140.5 169.75
112.0 167.75
121.5 169.0
129.75 169.75
138.0 170.25
107.5 171.0
117.25 175.25
125.0 177.5
133.0 176.25
141.25 174.25
