28.5 27.0 173.5 173.5
68.0 76.0
74.75 68.0
88.25 65.0
99.25 67.5
125.0 62.0
135.5 60.75
151.25 59.5
168.25 68.0
174.5 74.0
112.0 76.75
112.25 85.25
111.75 97.5
112.0 111.0
97.0 127.75
108.75 127.25
116.25 127.25
124.5 126.5
138.75 123.5
73.5 92.75
77.25 82.5
88.5 80.25
97.75 86.0
86.5 92.75
77.75 94.5
134.0 85.5
139.5 78.0
155.25 78.25
161.25 85.25
152.25 90.0
141.75 89.25
94.0 159.75
99.0 153.5
108.25 149.0
116.75 151.25
122.5 148.0
134.25 150.75
146.5 157.5
105.75 158.5
113.75 157.5
122.5 157.0
135.25 158.0
105.75 159.5
114.0 158.75
122.25 158.25
132.25 158.5
102.0 164.0
110.75 165.75
118.5 167.0
127.0 164.75
136.75 162.5
