25.0 26.0 177.0 177.0
72.5 67.25
79.5 60.0
91.75 58.25
101.25 61.5
126.75 59.5
137.0 59.5
153.5 60.75
170.25 71.75
176.5 79.0
111.75 72.0
109.75 79.5
105.75 90.5
102.75 103.0
89.75 120.0
100.25 120.5
106.75 121.0
115.5 122.0
130.75 121.5
75.5 84.25
80.0 74.5
90.75 73.5
98.75 80.5
87.0 85.5
78.75 86.25
133.5 84.5
140.0 77.75
155.5 80.0
161.0 88.25
150.75 91.25
140.5 89.0
82.25 151.25
87.25 145.25
96.0 141.75
103.5 144.75
109.5 142.75
121.25 147.5
133.5 156.75
93.0 151.25
100.25 151.0
108.75 151.75
121.75 155.25
92.75 152.25
100.25 152.25
108.5 153.25
118.5 155.25
88.75 156.0
96.0 158.75
103.0 161.0
111.75 160.25
122.5 160.0
