28.0 36.0 166.5 166.5
71.5 69.0
77.5 63.5
88.25 64.25
97.25 69.5
122.0 69.75
132.75 70.5
150.25 71.5
167.75 82.75
174.75 89.0
106.25 82.0
103.0 91.25
97.0 105.0
92.25 119.5
84.0 127.25
92.5 130.75
98.0 133.25
107.0 133.75
122.75 133.25
74.5 85.75
78.0 77.5
88.25 78.0
96.0 85.5
84.25 89.75
77.0 89.0
129.5 93.25
136.25 87.0
151.5 90.75
157.5 98.5
146.0 102.0
135.75 98.75
76.75 155.5
80.5 152.0
87.5 151.25
94.0 155.5
99.75 154.25
111.25 158.75
123.75 167.0
85.5 158.25
91.75 159.75
99.5 161.75
112.0 165.25
85.25 159.25
91.5 161.0
99.0 163.0
108.75 165.25
81.5 162.0
87.25 166.75
93.5 170.0
101.75 170.25
112.25 170.0
