45.0 41.0 163.5 163.5
89.0 67.25
102.0 63.25
121.0 67.0
134.0 74.0
162.0 76.75
170.75 77.25
184.5 78.75
191.25 87.25
192.25 92.25
145.0 90.5
144.5 99.75
146.0 111.5
147.25 126.0
111.75 130.5
129.25 135.25
140.0 138.0
147.5 137.25
158.75 135.25
87.0 84.75
99.5 78.25
114.25 80.5
122.0 90.75
107.75 93.25
95.5 90.75
156.25 99.25
165.75 92.25
180.5 95.0
181.75 101.0
175.0 106.25
165.25 104.0
102.0 162.5
112.75 159.25
125.75 158.0
137.5 161.5
146.0 159.5
154.25 161.5
160.75 166.25
118.5 164.25
129.5 164.75
141.25 165.5
152.0 166.5
118.25 165.0
129.75 165.75
141.25 166.5
149.75 167.0
113.0 168.0
124.25 170.75
135.25 172.75
145.25 172.0
153.0 170.5
