21.5 41.5 173.0 173.0
58.25 83.25
62.25 77.0
72.75 75.5
84.0 78.25
109.25 72.25
119.25 69.5
139.25 65.5
157.75 70.75
171.0 74.25
99.0 90.25
97.75 99.75
94.25 111.25
91.75 125.75
83.75 134.75
93.5 136.75
100.25 137.75
111.0 135.5
128.0 130.75
66.5 98.25
68.25 90.25
79.25 88.5
89.75 95.5
78.25 101.25
70.0 101.75
123.0 94.25
129.5 84.5
147.75 82.5
158.0 87.75
145.25 96.0
132.75 96.5
84.0 165.75
86.75 161.75
93.25 159.0
103.75 161.0
112.0 158.0
125.5 158.5
141.0 162.25
93.25 165.75
100.5 165.0
111.75 164.25
128.0 164.0
93.0 166.5
100.5 166.0
111.75 165.5
124.0 164.75
90.0 169.75
96.5 171.5
106.0 172.25
116.75 170.25
129.25 167.75
