19.5 25.5 181.0 181.0
73.5 60.75
80.5 55.0
92.75 55.5
103.25 60.75
130.25 62.0
140.5 62.5
159.75 65.25
174.5 76.5
184.0 85.5
114.25 76.5
110.5 84.0
105.0 92.25
99.25 103.75
83.25 115.5
94.0 118.5
101.5 120.5
112.25 122.0
129.5 123.25
75.75 78.5
81.25 70.0
93.25 71.0
101.0 81.0
87.75 83.25
78.75 82.0
134.5 89.0
143.75 81.25
161.75 84.75
168.75 93.75
155.25 96.75
143.25 93.5
72.75 146.5
78.25 141.75
87.0 139.75
97.25 144.25
106.75 143.5
119.25 148.5
132.25 158.0
83.5 147.5
91.75 148.25
103.75 150.5
119.25 155.25
83.25 148.25
91.75 149.25
103.25 151.5
115.25 154.75
78.75 151.0
85.75 153.5
95.5 156.5
107.0 157.75
119.5 159.25
