43.5 36.0 176.0 176.0
80.5 66.0
91.5 62.25
108.75 65.5
121.5 72.5
150.75 75.75
160.75 76.25
177.25 78.25
187.25 87.25
191.5 93.0
133.25 89.5
131.5 98.75
130.25 110.0
129.0 124.5
99.75 128.25
115.5 133.75
125.25 137.0
134.5 136.75
148.5 135.5
80.5 83.5
90.5 77.0
104.75 79.25
113.25 89.75
98.75 91.75
87.25 89.25
148.75 99.0
158.75 91.75
175.25 95.0
178.75 101.75
169.0 106.75
158.0 104.0
89.75 159.75
98.75 156.75
110.5 156.0
122.25 160.5
131.5 159.0
141.75 161.75
151.0 167.5
104.5 162.25
115.0 163.25
127.5 165.0
140.25 167.0
104.25 163.0
115.0 164.5
127.0 166.0
137.25 167.25
99.25 165.5
109.25 169.0
120.25 171.75
131.25 171.75
141.25 171.0
