40.0 34.0 169.0 169.0
65.25 74.5
72.75 67.5
87.25 65.25
100.0 68.5
128.25 63.75
138.25 62.0
156.75 60.25
171.75 67.75
180.5 73.75
115.25 81.5
114.5 90.0
113.25 100.0
113.0 113.0
93.25 127.25
107.0 128.0
116.0 128.25
126.5 126.75
142.0 123.5
70.75 91.5
76.25 82.0
89.25 80.5
99.75 88.5
86.75 94.0
76.25 94.5
136.0 88.75
143.5 79.25
161.5 78.5
168.75 85.25
158.25 91.5
146.0 91.0
90.75 160.5
96.75 154.75
106.5 150.5
118.5 152.5
127.5 149.25
140.0 150.5
153.25 156.0
103.5 159.0
113.0 157.25
125.75 156.5
141.0 156.75
103.5 159.75
113.25 158.25
125.5 157.5
137.25 157.5
99.25 163.5
108.5 164.0
119.5 164.5
131.0 162.5
142.5 160.75
