44.0 36.0 165.5 165.5
82.0 61.75
93.0 56.75
110.25 59.25
123.0 65.75
151.75 68.75
161.25 69.5
177.25 72.25
187.25 82.5
191.0 89.5
134.5 82.5
133.25 90.75
132.5 100.75
131.5 113.75
101.25 122.0
117.25 126.25
127.5 128.75
136.5 129.25
150.25 129.0
81.75 79.75
91.75 72.25
106.0 74.25
114.25 84.75
99.75 86.75
88.25 84.75
149.75 93.75
159.25 86.5
175.75 90.0
178.75 97.75
169.75 101.5
159.0 98.5
91.25 154.5
100.5 150.25
112.75 148.5
124.5 153.0
134.0 151.5
144.25 155.0
153.5 162.25
106.5 155.75
117.25 156.5
129.75 158.0
142.75 161.25
106.25 156.75
117.25 157.5
129.5 159.0
139.75 161.25
101.0 159.5
111.5 162.25
122.5 164.75
134.0 165.0
143.75 165.25
