37.0 34.5 158.0 158.0
63.5 78.25
68.25 68.5
77.75 61.75
89.25 62.5
115.25 54.0
125.5 51.0
143.0 50.5
160.25 59.75
170.25 67.25
102.25 71.75
101.5 78.75
98.75 90.25
97.5 103.5
89.75 123.0
98.75 122.25
105.25 120.75
115.25 120.0
130.0 116.0
67.75 94.25
70.25 83.5
81.0 79.5
91.5 84.75
79.5 92.5
71.25 95.25
128.0 81.0
134.25 72.25
150.5 71.25
159.0 78.25
148.5 83.5
136.75 83.25
87.75 156.25
91.75 149.25
99.0 143.0
107.75 144.5
114.25 141.0
126.75 143.5
141.75 151.0
98.25 153.0
105.5 150.5
114.75 149.5
129.0 151.0
98.0 153.75
105.75 151.5
114.75 150.75
125.25 151.25
94.5 158.0
102.25 158.0
110.0 158.25
119.25 156.25
130.25 154.75
