11.0 19.0 200.0 200.0
63.5 79.0
68.0 70.75
77.25 66.0
88.5 68.5
115.0 62.5
125.75 59.75
144.0 59.75
161.5 69.5
171.75 76.0
101.0 80.5
99.5 89.5
95.5 104.25
93.0 120.0
87.0 130.75
95.25 133.0
101.0 133.5
111.0 132.5
126.25 128.25
67.75 94.75
70.0 85.5
80.5 82.75
90.75 89.0
78.75 96.0
70.75 97.25
127.25 89.0
134.0 80.75
150.75 81.25
159.0 88.0
147.75 93.75
136.0 92.5
84.25 161.75
87.75 157.25
94.5 153.5
102.5 156.5
108.75 153.75
121.25 156.25
135.75 162.75
93.75 161.5
100.5 160.75
109.25 160.75
123.0 162.5
93.5 162.25
100.75 161.75
109.25 162.0
119.5 163.0
90.0 165.5
97.0 167.75
104.25 169.0
113.25 168.0
124.25 166.5
