29.5 33.0 173.0 173.0
64.0 81.0
69.5 71.5
80.5 65.0
93.25 66.25
120.75 58.25
131.25 55.0
148.25 54.25
164.75 63.25
173.5 69.75
108.0 76.75
108.75 84.75
108.75 98.25
109.5 113.25
96.75 129.0
107.75 129.25
115.25 128.25
124.5 126.75
138.25 121.75
68.5 97.0
71.75 86.5
83.5 82.75
94.5 88.25
82.25 96.25
73.0 98.75
132.75 84.75
139.0 76.0
155.75 75.0
163.25 81.5
154.0 87.5
142.25 87.25
95.5 161.75
100.75 155.75
109.0 150.0
118.25 151.75
124.75 148.25
136.75 150.0
150.25 155.75
107.25 159.25
115.25 157.25
124.75 156.0
138.25 156.75
107.25 160.25
115.5 158.25
124.75 157.25
135.0 157.25
103.5 164.25
112.5 164.75
120.75 165.0
129.75 162.75
140.0 160.5
