49.0 16.0 167.5 167.5
83.75 61.75
94.0 53.75
109.0 50.25
122.25 55.0
150.25 55.25
159.75 55.5
172.75 60.25
183.0 73.25
186.0 82.25
135.75 68.25
137.5 75.25
140.5 86.0
142.5 99.0
113.0 115.5
127.75 117.25
137.5 117.25
144.75 118.75
155.25 118.0
81.75 79.5
91.25 69.25
104.5 68.75
114.0 77.25
100.0 81.5
88.5 81.75
151.5 84.0
159.25 77.5
174.0 81.0
177.25 89.5
170.25 91.75
160.25 88.5
103.25 148.75
112.75 142.5
125.5 137.75
135.0 141.25
141.75 139.0
151.0 144.0
159.0 153.5
118.75 147.75
129.0 146.5
138.75 147.5
149.5 151.5
118.5 148.5
129.25 147.75
138.5 148.5
147.0 151.0
113.5 152.0
125.0 153.5
133.75 155.0
142.75 154.75
151.0 155.25
