27.5 41.5 177.5 177.5
63.25 85.25
68.5 77.25
79.25 73.0
92.0 76.0
120.0 69.75
131.0 66.75
148.75 65.5
166.0 74.25
175.0 79.0
106.25 88.5
106.5 98.75
105.25 116.0
105.25 133.25
94.25 139.0
104.25 142.25
111.25 143.25
120.75 141.25
134.75 135.5
67.75 100.0
70.75 91.75
82.5 89.0
93.5 95.0
81.25 102.5
72.0 103.5
131.75 94.5
138.5 86.25
155.75 86.25
163.25 92.0
153.0 98.75
141.25 98.0
92.75 168.75
97.25 165.25
105.0 162.5
113.75 165.0
120.0 162.25
131.75 163.5
145.0 167.5
103.5 169.0
111.0 168.5
120.0 168.25
133.25 168.5
103.25 169.75
111.25 169.75
120.0 169.5
130.0 169.25
100.0 173.0
108.0 175.5
115.75 176.75
124.5 175.0
134.75 172.5
