37.5 25.5 181.0 181.0
78.5 65.25
87.75 57.75
101.5 55.25
114.25 60.5
143.25 61.0
154.0 61.0
169.25 65.25
181.25 78.25
186.25 86.5
126.25 75.25
126.0 83.5
124.5 97.25
123.0 112.25
100.75 122.5
112.75 126.25
121.25 127.5
130.0 128.5
143.25 127.0
77.5 82.25
85.0 73.25
98.0 73.0
107.5 81.75
93.0 86.0
82.5 85.5
145.75 89.5
154.25 83.0
170.0 86.75
174.5 95.0
165.0 98.0
154.25 94.5
90.0 154.25
97.75 149.75
108.75 147.0
117.75 151.0
124.75 149.25
135.25 153.75
145.0 162.5
103.5 155.0
112.5 155.25
122.25 156.5
134.25 160.5
103.0 155.75
112.75 156.25
121.75 157.75
131.25 160.25
98.25 159.0
108.0 161.75
116.25 164.25
125.5 164.25
135.0 164.5
