38.0 35.0 176.5 176.5
69.75 79.0
79.25 71.5
94.5 66.0
109.75 69.5
135.25 65.25
144.5 61.75
160.0 60.5
173.75 66.75
180.0 72.0
125.75 84.75
128.0 95.0
131.25 108.5
133.5 123.75
110.75 135.0
125.25 136.25
133.75 136.0
141.5 134.5
154.25 128.5
74.0 100.0
81.0 90.0
93.5 87.0
105.75 93.75
91.75 100.5
81.0 102.25
145.5 90.0
152.0 80.75
167.25 80.25
172.75 85.0
166.0 91.5
155.25 91.5
106.25 167.25
114.5 162.0
126.75 156.75
137.0 158.25
143.5 154.75
154.5 155.0
164.5 158.5
121.25 165.25
131.75 163.25
142.0 162.0
154.25 160.75
121.25 166.25
132.0 164.5
141.75 163.25
151.5 162.0
117.0 170.25
128.25 170.75
138.0 171.0
146.75 168.25
156.0 164.5
