43.5 42.5 171.5 171.5
76.25 79.75
87.0 73.0
103.75 69.0
119.0 73.5
144.75 70.5
153.75 67.75
168.25 66.75
180.25 73.0
184.25 77.5
134.25 90.0
136.75 100.75
140.75 115.75
143.5 131.75
117.0 139.5
131.75 141.75
140.5 142.0
147.75 140.5
159.5 134.5
79.0 101.0
87.75 92.25
100.75 89.75
112.5 97.0
98.25 103.25
86.75 104.5
151.75 95.25
158.75 86.25
173.5 86.5
177.25 90.75
171.25 97.25
161.5 97.25
109.75 170.25
119.25 166.0
132.25 162.0
142.25 163.5
148.75 160.25
158.5 160.25
166.0 162.5
125.75 169.25
136.5 168.0
146.25 166.75
157.25 165.25
125.75 170.25
136.75 169.0
146.25 168.0
154.75 166.5
121.25 173.75
133.0 175.25
142.25 175.75
150.75 173.0
158.75 169.0
