27.0 35.5 175.0 175.0
61.5 80.0
68.0 72.0
79.75 65.5
93.0 67.75
117.25 62.0
126.25 58.0
143.75 56.0
160.75 61.5
171.25 67.25
108.5 82.0
108.5 91.25
107.0 103.75
106.5 118.25
94.25 131.5
105.75 132.5
112.75 131.75
121.75 130.5
136.5 124.75
66.75 99.5
70.0 89.5
80.75 86.0
92.5 92.0
79.5 99.0
71.0 101.25
131.0 86.75
136.75 77.0
153.0 75.75
161.5 80.75
152.0 87.0
140.5 87.75
92.75 164.0
97.5 158.25
106.75 152.75
116.25 154.25
123.0 150.75
136.5 152.0
151.0 156.5
104.25 161.75
112.75 159.75
123.0 158.5
138.0 158.25
104.0 162.5
113.0 160.75
122.75 159.75
134.25 159.0
100.5 166.5
109.0 167.0
118.0 167.5
127.5 165.0
139.5 162.0
