31.0 43.5 173.5 173.5
78.5 75.75
89.75 69.75
106.5 67.0
121.5 72.75
147.5 71.75
156.5 69.5
171.25 70.0
182.75 77.0
186.75 82.0
135.25 90.25
137.0 101.25
139.5 116.5
141.0 132.5
114.25 138.25
128.75 141.75
137.5 142.75
144.75 141.75
157.0 136.75
79.75 97.0
89.0 88.75
102.25 87.5
113.25 95.75
98.75 100.75
87.0 101.0
152.75 97.0
160.25 88.75
175.0 90.0
178.75 94.5
172.0 100.75
162.0 99.75
104.75 168.5
114.25 165.0
127.75 162.0
137.5 164.25
144.25 161.5
154.0 162.5
161.75 165.5
120.75 168.75
131.5 168.25
141.25 168.0
152.5 167.5
120.5 169.75
131.75 169.5
141.25 169.25
150.0 168.5
115.75 173.0
127.25 175.25
136.75 176.5
145.5 174.5
153.75 171.25
