46.5 41.5 169.0 169.0
81.0 72.0
92.5 67.25
109.25 66.0
123.75 73.0
149.75 74.5
159.25 73.0
174.0 74.75
185.25 82.75
189.0 88.0
136.0 91.75
136.25 102.75
137.25 118.25
136.75 134.5
110.5 137.5
124.25 142.25
133.0 144.25
140.5 144.0
153.5 140.0
80.25 93.25
90.0 86.0
103.25 86.0
113.5 95.0
98.5 98.75
87.25 98.0
153.0 100.0
161.5 92.5
176.0 95.0
179.5 100.0
172.25 105.5
162.25 103.75
98.5 166.5
108.0 164.0
121.5 162.25
131.0 165.75
138.0 163.5
148.0 165.5
155.75 169.0
114.0 168.5
124.75 169.0
134.5 169.75
146.0 170.0
113.75 169.25
124.75 170.25
134.25 170.75
143.5 171.0
108.75 172.0
120.0 175.5
129.0 177.75
138.0 176.5
147.0 174.0
