36.0 31.0 170.0 170.0
68.75 71.75
74.75 64.5
84.0 61.5
93.25 64.0
117.75 57.0
127.25 53.5
143.75 51.0
160.75 58.25
170.0 66.0
104.75 75.75
103.25 83.0
100.25 95.5
97.75 110.0
89.5 125.5
97.0 127.0
103.25 126.25
112.75 126.25
126.0 121.5
71.25 90.0
73.25 78.0
83.5 76.75
92.25 85.0
79.75 90.5
72.5 92.0
126.25 83.0
132.75 72.25
150.25 69.75
158.0 78.5
147.5 84.75
135.25 84.5
85.25 155.75
88.25 149.0
96.0 144.75
103.75 146.75
109.75 144.0
123.0 146.0
136.5 152.5
94.25 153.0
101.25 151.75
110.25 151.25
124.25 152.75
94.0 153.75
101.5 152.5
110.0 152.25
120.75 153.0
91.0 157.75
98.0 157.75
105.25 158.0
114.5 157.25
125.0 156.5
