41.5 44.0 167.0 167.0
83.75 64.25
95.25 60.5
109.25 62.25
121.0 69.5
149.25 70.25
158.5 68.75
173.0 69.0
184.25 78.25
187.5 85.5
133.75 87.25
133.0 95.75
132.0 111.5
130.75 128.25
107.0 133.0
118.5 138.75
127.0 140.75
135.0 141.0
145.5 136.75
82.25 84.0
90.5 74.5
104.0 77.25
112.25 88.75
97.5 91.0
86.5 89.0
149.0 96.0
157.5 87.0
173.75 88.25
176.25 96.5
168.75 102.5
157.75 100.25
96.25 161.5
104.5 158.0
116.5 157.25
124.5 160.75
130.75 159.0
140.75 161.25
147.5 166.0
110.25 163.0
119.5 163.75
128.25 164.75
138.75 166.25
110.0 163.75
119.5 164.75
128.0 165.75
136.5 166.75
105.75 166.75
115.5 169.5
123.25 171.0
131.5 171.25
139.5 170.0
