33.0 31.0 170.0 170.0
75.75 66.75
85.5 60.25
98.25 58.75
110.0 63.0
137.25 59.25
146.5 56.75
161.25 56.0
174.75 64.5
180.5 72.75
124.25 77.0
124.0 84.5
124.25 97.75
124.5 112.75
104.5 126.25
115.75 128.75
124.25 128.75
132.75 129.0
143.5 124.5
76.75 86.0
82.75 74.25
95.5 74.25
105.0 84.0
91.0 88.25
80.75 89.0
142.0 85.5
149.0 75.5
165.75 75.0
170.25 83.75
162.75 89.25
151.0 88.25
97.75 157.0
104.75 150.5
115.75 147.0
124.5 149.5
130.75 147.0
142.0 149.0
151.0 155.5
111.25 155.0
120.25 154.0
129.5 154.0
141.25 155.5
111.0 155.75
120.5 155.0
129.25 155.0
138.75 155.75
107.0 159.5
116.75 160.25
124.75 160.75
133.75 160.25
142.25 159.25
