50.0 34.5 158.5 158.5
84.75 59.5
96.25 53.75
110.25 53.25
122.25 58.5
149.5 58.0
158.0 57.0
170.75 58.5
181.5 68.75
185.0 77.75
136.25 73.25
136.5 80.0
137.5 92.0
138.5 106.0
112.5 119.75
125.0 122.75
134.25 123.0
141.75 124.25
151.25 121.75
83.5 79.0
92.0 67.25
105.75 68.5
114.25 79.25
99.75 81.75
88.5 81.75
150.5 84.5
157.75 75.75
173.25 77.25
176.0 86.75
169.75 90.5
159.25 88.0
102.75 150.5
112.0 143.75
124.75 140.5
133.5 143.5
139.5 141.75
149.25 145.25
155.5 153.5
118.25 148.75
128.0 148.25
137.0 149.0
147.25 152.0
118.0 149.5
128.25 149.25
137.0 149.75
145.25 152.0
113.5 153.25
124.25 154.0
132.5 155.25
141.0 155.5
148.25 155.75
