37.0 29.0 175.5 175.5
81.75 64.25
93.5 57.75
108.25 56.5
121.0 61.25
148.0 58.5
156.0 56.5
168.25 56.5
179.0 65.25
182.5 73.5
136.75 75.25
138.0 82.5
141.25 95.0
144.25 109.75
117.5 124.25
131.0 126.5
140.5 126.0
147.5 126.25
155.75 122.5
82.25 84.25
90.75 72.0
104.75 72.25
114.25 82.25
100.25 86.25
88.5 87.0
150.75 84.5
157.0 75.0
172.0 75.0
175.0 83.75
170.0 88.75
159.75 87.25
110.75 155.75
120.0 148.75
132.75 144.25
141.5 146.75
147.25 144.0
156.5 146.25
162.25 152.75
126.5 152.75
136.5 151.5
145.25 151.25
154.75 152.75
126.5 153.75
136.75 152.5
145.25 152.25
153.0 153.0
122.5 157.75
133.5 157.75
141.5 158.0
149.75 157.25
156.25 156.25
