31.0 31.0 185.0 185.0
84.0 66.25
96.25 61.5
111.25 62.5
123.5 68.75
151.5 68.0
160.25 66.0
173.25 65.5
183.75 74.0
186.5 81.25
138.25 85.5
138.5 94.0
139.75 109.25
140.75 126.0
114.25 133.25
127.0 138.0
136.25 139.0
143.5 139.0
152.5 134.0
83.25 86.25
92.25 76.0
106.5 77.75
115.25 88.75
100.5 92.0
89.0 90.75
152.0 93.75
159.5 84.0
175.0 84.5
177.25 92.5
171.25 98.75
160.75 97.0
105.25 162.75
114.25 158.5
126.75 156.5
135.25 159.25
141.0 157.0
150.25 158.5
155.75 163.0
120.25 162.75
130.0 163.0
138.5 163.0
148.25 163.75
120.25 163.75
130.0 163.75
138.5 164.0
146.25 164.5
115.75 167.0
126.5 169.0
134.25 169.75
142.25 169.25
149.0 167.5
