47.0 39.0 159.0 159.0
71.75 76.25
81.5 68.5
95.25 65.5
108.5 68.5
135.25 60.75
143.75 56.75
157.0 53.25
170.25 59.5
175.75 66.25
126.0 80.75
127.75 88.5
132.0 102.5
136.0 118.25
114.5 132.75
127.25 134.0
136.0 132.75
143.75 131.25
152.25 124.75
75.75 95.5
81.0 83.25
94.75 81.5
106.0 90.0
92.5 96.5
81.5 98.25
143.0 85.75
148.0 74.75
163.75 71.5
168.75 79.0
163.5 86.25
152.5 87.0
112.75 164.0
119.75 157.0
131.0 152.0
140.0 153.0
145.5 149.5
155.75 149.0
163.5 152.75
126.75 160.25
136.0 158.0
144.75 156.25
155.25 155.25
126.75 161.0
136.25 158.75
144.75 157.0
153.25 156.0
123.5 165.25
133.75 164.5
141.75 163.75
150.0 161.5
157.0 158.5
