63.5 45.5 153.5 153.5
88.25 71.25
101.5 65.75
118.0 65.75
131.5 71.25
157.75 67.75
165.0 65.0
175.25 63.25
183.25 70.25
184.25 76.5
148.0 86.75
150.25 95.25
155.5 110.5
160.25 127.0
129.5 136.5
143.75 139.75
153.5 139.75
158.75 138.5
164.5 132.0
88.75 91.75
99.0 81.0
113.75 81.5
123.25 91.5
109.5 96.25
96.5 96.25
158.25 92.75
164.25 82.5
177.5 81.25
178.25 88.5
175.5 95.5
166.5 95.25
123.0 166.75
133.5 161.25
146.5 157.75
154.75 159.5
159.5 156.5
166.25 156.25
168.75 159.25
139.5 164.75
149.0 163.5
156.75 162.25
163.75 161.5
139.5 165.5
149.5 164.5
156.75 163.25
162.75 162.25
135.5 169.5
146.75 169.75
154.0 169.5
160.75 167.75
165.0 165.0
