56.0 46.0 157.5 157.5
77.0 74.5
88.25 68.75
103.0 68.25
116.0 73.25
144.25 68.75
152.75 65.25
166.25 62.5
178.25 69.0
182.25 75.25
132.5 88.75
133.75 97.5
136.5 113.5
139.25 130.5
114.75 138.5
127.75 142.25
136.75 142.5
144.0 141.0
152.75 134.5
79.0 94.25
86.25 83.75
100.5 83.75
110.75 93.75
96.5 98.75
85.0 98.75
148.25 93.75
154.5 83.0
170.5 81.25
174.0 88.25
168.25 96.0
157.25 96.0
109.5 168.0
117.75 163.5
129.5 160.5
138.25 162.5
143.75 159.5
153.25 159.25
159.75 161.75
124.25 167.0
133.5 166.25
142.0 165.25
152.0 164.25
124.0 167.75
133.75 167.25
142.0 166.25
150.0 165.25
120.25 171.5
130.75 172.5
138.5 172.5
146.5 170.75
153.25 167.75
