53.5 42.5 159.0 159.0
93.75 61.75
107.25 57.75
123.0 59.75
135.25 67.0
162.0 68.5
169.75 67.25
180.5 68.25
188.0 77.5
188.5 85.0
149.25 84.5
150.0 92.75
152.5 107.5
154.25 123.5
123.25 130.5
136.75 135.5
146.25 137.0
152.25 137.5
159.25 133.25
91.0 82.0
102.25 72.0
116.75 74.75
124.75 86.5
110.25 88.5
97.75 86.75
159.5 94.0
166.75 85.25
180.5 86.75
180.75 95.0
176.5 100.25
167.25 98.0
112.0 160.25
123.0 155.75
136.5 154.0
144.5 157.25
150.0 155.25
157.25 157.25
160.0 162.5
128.5 160.5
138.5 160.75
146.5 161.25
154.25 162.75
128.5 161.25
138.5 161.75
146.5 162.25
152.75 163.0
123.75 164.75
135.0 166.5
142.5 167.75
149.75 167.5
155.0 166.5
