45.0 32.0 154.0 154.0
69.25 74.0
76.75 66.0
90.75 62.75
102.5 63.75
126.75 57.75
135.5 57.5
150.0 55.25
163.75 60.75
171.5 67.5
116.5 69.5
117.25 76.25
119.5 88.25
122.0 104.0
105.0 124.5
116.5 123.0
124.75 121.5
132.25 120.0
143.0 116.5
74.5 91.5
79.75 79.75
91.75 76.75
101.0 83.0
90.0 89.0
80.5 92.0
134.5 79.75
140.0 71.0
155.0 69.75
161.75 77.25
153.5 80.75
143.0 81.25
102.0 155.25
108.5 148.75
119.0 143.25
128.0 144.25
133.75 140.5
145.0 139.75
157.0 144.25
115.25 153.5
124.5 151.5
133.75 149.5
146.75 147.5
115.25 154.5
124.75 152.75
134.0 150.75
144.0 148.75
111.5 159.5
121.25 160.0
130.75 160.5
140.0 156.25
149.25 152.0
