30.0 31.5 163.0 163.0
80.75 59.25
89.25 54.25
101.5 55.5
111.5 60.0
136.0 62.0
144.75 64.25
160.5 66.5
173.0 76.25
180.5 85.25
121.25 70.25
118.25 77.0
113.5 89.5
107.75 105.5
92.0 118.25
101.25 121.0
108.0 122.5
116.5 123.5
129.5 123.75
80.75 77.25
88.0 68.0
99.25 69.0
105.75 77.75
93.75 80.0
84.5 79.5
137.75 85.25
146.0 78.75
161.25 82.25
166.25 91.75
155.5 92.5
145.25 89.5
80.5 145.5
86.5 142.0
96.25 140.75
103.5 144.75
110.25 143.25
122.0 146.5
134.0 154.5
91.0 148.75
99.0 150.0
108.25 151.5
122.0 154.25
90.75 149.75
98.75 151.25
107.75 152.75
118.75 154.5
86.0 153.0
93.25 157.0
101.25 160.75
111.25 159.75
122.75 159.25
