33.5 25.5 161.0 161.0
73.75 64.0
80.75 57.75
91.75 56.75
101.0 59.25
124.5 57.5
133.5 58.5
149.75 59.0
164.0 67.25
173.75 75.75
110.75 67.0
107.75 73.5
103.0 84.75
97.25 99.75
87.25 117.25
95.25 118.0
101.0 118.0
110.25 118.5
123.75 117.75
75.75 81.75
81.0 71.25
91.75 70.5
98.75 78.0
87.25 81.75
79.0 82.75
130.0 80.75
137.5 73.25
152.75 74.5
159.5 83.5
148.25 85.25
137.5 83.5
79.5 146.0
83.75 141.0
92.0 137.75
99.25 140.75
105.5 138.5
118.25 140.75
132.25 148.5
88.75 147.25
96.0 147.0
105.0 147.5
119.75 149.0
88.5 148.25
96.0 148.25
104.75 148.75
116.0 149.5
84.5 152.0
90.75 154.5
98.75 157.25
108.75 155.25
120.5 154.0
