38.0 22.0 180.5 180.5
80.75 63.75
90.75 57.75
105.75 57.75
117.75 61.25
142.75 61.0
151.0 62.25
165.0 63.0
176.25 71.25
181.25 79.0
131.0 70.5
131.5 77.5
132.75 90.25
133.75 106.75
109.5 122.25
122.25 123.5
131.0 124.0
138.0 123.75
148.0 122.0
82.25 82.5
90.75 72.0
103.25 71.75
111.5 80.0
99.25 83.5
88.75 84.25
144.75 83.75
151.75 76.25
166.5 78.0
170.75 86.5
163.0 88.75
152.75 86.75
99.75 152.0
108.75 147.25
121.0 144.0
129.75 146.75
136.0 144.0
146.5 145.25
155.75 151.25
114.5 153.0
124.25 153.0
134.0 152.75
145.75 153.0
114.25 154.25
124.5 154.25
133.75 154.0
143.25 153.75
109.5 158.25
119.75 160.75
129.25 163.0
138.5 160.25
147.5 157.75
