28.0 29.0 173.0 173.0
72.0 71.0
80.25 64.0
93.5 62.0
104.25 65.5
127.25 62.0
135.75 61.25
151.75 60.5
168.0 68.0
175.25 74.0
116.75 77.25
116.0 85.0
115.0 95.0
114.0 109.25
97.5 123.25
108.75 124.25
116.25 123.75
124.25 124.0
137.25 121.0
74.25 87.5
79.75 77.5
91.5 76.5
101.5 85.25
88.0 89.5
78.5 90.0
134.5 85.25
141.75 75.75
158.5 75.5
165.0 83.0
155.5 88.0
143.75 87.5
91.5 158.0
97.75 151.25
106.75 146.75
115.5 149.25
122.25 146.25
131.25 148.5
141.25 156.5
103.75 155.75
111.25 154.5
120.25 154.25
131.25 155.5
103.5 156.5
111.25 155.5
120.0 155.5
128.5 155.75
99.5 160.5
107.0 161.75
115.25 162.5
123.75 161.5
132.5 159.75
