33.0 40.5 174.0 174.0
74.75 81.75
85.0 75.25
101.25 74.5
114.0 78.5
137.75 74.25
146.0 72.5
160.5 69.75
174.5 74.5
179.25 77.75
128.5 90.75
129.75 100.25
132.5 113.5
134.75 129.5
111.25 137.25
124.75 139.25
133.25 139.0
139.75 137.5
150.5 132.0
78.0 98.25
85.5 89.25
98.75 88.25
109.5 96.5
96.0 102.0
84.75 102.25
143.75 95.0
150.75 85.25
166.5 83.75
171.25 89.0
164.5 96.5
153.25 97.0
107.75 170.75
115.25 165.25
125.25 161.5
134.25 163.5
140.5 159.75
148.25 160.25
156.25 165.0
121.5 168.75
129.5 167.75
138.25 166.5
147.5 165.75
121.25 169.75
129.75 168.75
138.25 167.75
145.5 166.5
117.5 173.75
126.25 175.25
134.75 175.25
142.5 173.25
149.25 169.75
