23.5 28.5 170.0 170.0
71.75 68.5
78.0 61.25
88.0 58.25
96.5 61.0
117.25 57.5
125.75 56.5
142.5 56.25
160.0 64.5
169.5 71.5
106.25 71.75
103.25 78.5
98.75 86.75
94.5 99.25
86.0 116.25
94.25 116.5
100.0 115.5
108.25 116.75
122.75 115.0
73.25 84.25
76.75 73.75
86.75 72.75
95.0 80.75
82.75 85.0
75.0 85.75
125.25 80.75
132.5 71.75
149.0 71.5
157.0 79.75
145.25 83.75
133.5 83.0
77.75 149.75
82.25 142.75
89.25 137.75
96.5 140.5
103.25 138.0
112.5 141.25
123.5 150.75
87.5 147.25
93.5 146.0
102.0 146.25
113.25 148.75
87.0 148.25
93.25 147.25
101.5 147.5
110.0 148.75
83.0 151.75
88.5 153.0
95.5 153.75
104.0 153.5
113.5 152.75
