27.5 36.0 170.0 170.0
75.25 66.5
83.0 61.25
94.75 61.75
104.25 67.0
126.75 67.25
135.75 67.25
152.75 68.25
169.0 77.5
177.0 84.0
114.25 81.0
111.25 89.25
107.25 100.25
103.0 115.0
90.0 123.25
99.25 126.75
105.75 127.75
114.0 129.0
128.0 127.75
75.75 83.0
81.0 74.25
92.0 75.5
100.25 85.5
87.0 87.75
78.25 86.5
132.25 90.75
140.75 82.25
157.5 84.5
164.0 92.25
152.5 96.75
140.75 94.5
79.75 155.5
85.5 150.75
93.5 148.5
101.0 152.5
108.0 150.75
116.75 154.25
126.25 163.0
90.5 156.0
97.25 156.5
105.75 157.75
116.5 160.5
90.25 156.75
97.0 157.5
105.25 159.0
113.5 160.5
85.75 159.75
92.0 163.0
99.25 165.25
107.75 165.5
116.75 165.0
