52.5 42.5 163.0 163.0
83.0 79.75
94.5 72.25
112.5 70.0
125.5 73.25
147.75 68.5
154.75 66.75
166.25 64.25
176.75 69.25
179.0 73.5
140.25 84.75
143.5 93.5
149.5 105.0
154.5 120.25
125.25 133.0
140.25 133.0
149.25 131.75
154.0 130.25
162.0 125.0
85.75 97.0
95.0 86.5
108.75 84.75
119.25 92.75
106.5 98.75
94.25 100.0
151.5 89.5
157.75 79.75
171.5 78.0
174.25 83.75
170.25 90.25
160.75 91.0
123.5 168.0
132.0 161.0
143.0 155.5
152.0 156.25
157.25 152.25
163.75 152.5
169.75 157.25
138.25 164.0
146.75 161.75
154.75 159.75
162.5 158.5
138.25 164.75
147.0 162.75
155.0 161.0
160.75 159.25
134.75 169.5
144.5 169.5
152.75 168.75
159.5 165.75
164.75 162.25
