36.0 18.0 185.0 185.0
77.25 66.25
87.25 58.75
102.25 56.5
113.75 59.75
136.75 57.0
144.75 56.75
159.0 57.25
172.75 65.75
178.0 72.75
126.75 71.0
127.25 77.5
128.75 85.75
129.75 98.25
107.0 116.5
120.25 116.25
128.75 115.0
135.75 116.0
147.25 114.0
78.75 83.25
86.25 72.0
99.0 71.25
109.0 80.0
95.25 84.0
84.5 85.0
142.25 80.5
149.25 71.75
165.0 72.0
169.75 80.25
162.5 83.75
151.5 82.75
100.75 151.75
108.75 144.0
119.25 138.25
128.5 140.5
135.25 137.5
143.5 140.25
152.5 149.0
115.0 148.25
123.5 146.5
132.75 146.0
143.0 147.75
115.0 149.25
123.5 147.5
132.75 147.25
140.5 148.0
110.5 153.5
119.5 153.75
128.5 154.25
136.75 153.0
144.75 151.75
