34.0 31.5 175.5 175.5
80.5 67.25
91.0 62.0
106.25 63.5
117.25 69.25
141.25 70.0
149.75 70.0
165.0 71.25
178.5 80.0
183.25 85.75
128.75 83.75
127.75 92.5
126.75 104.25
125.25 119.5
102.75 126.5
115.0 130.25
123.25 131.5
130.25 132.0
142.75 130.0
80.5 84.25
88.75 75.75
101.5 77.25
110.25 87.5
96.0 89.75
85.5 88.5
143.75 92.75
152.5 84.75
168.5 86.75
172.75 94.0
164.0 98.75
152.75 96.5
92.25 159.75
100.25 155.0
110.75 152.5
119.25 156.5
126.25 154.25
134.25 157.0
142.0 164.75
105.75 160.0
114.0 160.25
122.75 161.25
132.75 163.25
105.5 161.0
113.75 161.5
122.5 162.25
130.25 163.25
101.0 164.25
109.0 167.25
117.25 169.0
125.5 168.75
133.75 167.5
