30.5 33.0 176.5 176.5
66.25 79.75
72.75 73.25
84.5 71.5
95.25 74.75
117.5 70.0
126.0 68.0
143.0 65.0
161.0 70.25
169.75 74.25
108.25 86.25
107.5 95.25
106.0 107.25
105.5 123.0
94.0 132.5
104.25 134.25
111.0 134.25
119.0 133.25
132.25 128.75
70.5 95.75
73.75 86.5
84.75 85.25
95.25 93.0
82.75 98.5
74.0 99.0
127.75 91.25
134.25 81.25
151.25 79.75
159.25 85.75
149.25 92.75
137.0 93.25
91.5 166.0
96.25 160.5
103.5 156.75
112.0 159.0
118.25 155.75
127.5 157.0
138.5 163.25
102.25 164.5
109.0 163.5
117.5 163.0
128.5 163.25
102.0 165.25
109.0 164.5
117.25 164.25
125.75 163.75
98.5 169.0
105.25 171.0
113.0 171.5
121.25 170.0
129.75 167.25
