52.0 31.0 170.0 170.0
88.0 63.0
100.0 56.75
117.25 56.75
129.25 61.75
151.75 61.75
158.75 62.0
170.75 63.75
180.75 73.0
183.0 79.75
141.75 74.75
143.25 82.0
147.0 91.25
149.5 104.75
119.25 118.75
134.0 120.25
143.25 120.0
148.75 121.0
158.0 119.5
87.75 80.75
98.25 70.5
111.5 71.25
120.75 81.25
107.0 84.0
95.25 83.5
153.0 85.0
160.25 77.0
174.25 78.75
176.75 86.75
171.5 90.0
161.75 88.25
111.25 154.25
121.25 147.25
133.0 142.5
142.25 145.25
148.5 142.5
155.25 145.5
161.25 154.0
127.0 152.0
136.0 150.75
144.75 150.75
153.25 152.5
127.0 152.75
136.25 151.75
144.75 152.0
151.25 152.75
122.5 156.75
132.25 158.0
141.0 158.75
148.75 158.0
155.0 156.5
