39.0 28.0 171.5 171.5
82.0 61.75
92.5 55.5
107.5 54.75
118.75 59.25
141.75 59.0
149.75 59.5
164.25 61.75
177.25 71.5
182.0 79.0
130.25 72.0
129.75 78.75
129.75 87.25
129.25 100.0
105.25 115.0
118.25 116.5
126.75 116.25
133.75 118.0
145.75 117.25
81.75 78.75
90.25 68.5
102.75 69.0
111.75 78.75
97.75 81.25
87.0 81.0
144.75 83.0
152.75 75.0
168.5 77.0
172.75 85.75
164.75 88.5
153.75 86.25
95.0 149.5
103.75 142.5
114.5 138.25
123.5 141.5
130.5 139.25
138.75 143.0
146.5 152.75
109.5 147.75
118.0 147.0
127.25 147.5
137.25 150.25
109.25 148.5
118.0 148.0
127.0 148.75
134.75 150.25
104.25 152.25
113.0 153.75
121.75 155.0
130.25 155.0
138.5 154.5
