43.0 34.0 160.5 160.5
66.5 77.25
73.0 69.0
84.75 65.25
95.25 67.0
117.0 60.75
125.25 58.75
141.5 56.25
159.25 61.75
168.0 67.0
108.25 77.0
107.75 84.25
106.75 94.0
106.5 107.75
94.75 124.5
105.0 124.0
112.0 122.5
120.0 122.0
133.25 117.75
70.75 93.0
74.0 82.25
85.0 79.75
95.5 87.0
83.0 93.0
74.25 94.75
127.5 83.0
133.75 72.75
150.0 70.5
158.25 77.25
148.75 83.0
136.75 84.0
92.25 159.5
97.25 152.0
105.0 146.25
113.5 147.75
120.0 144.0
129.25 145.5
140.75 152.75
103.5 155.75
110.5 153.75
119.25 152.5
130.5 152.75
103.5 156.75
110.5 154.75
119.25 153.75
127.75 153.25
99.75 161.0
106.75 161.5
114.75 161.25
123.25 159.25
132.0 156.75
