55.0 37.0 168.5 168.5
87.75 73.25
100.0 66.25
118.25 65.0
131.0 69.25
152.75 66.25
159.5 65.25
170.25 64.5
179.25 71.0
180.75 76.0
144.75 81.5
147.75 89.75
153.5 100.75
158.5 115.25
127.25 128.5
142.25 129.0
151.75 128.25
156.0 127.5
163.5 123.5
89.25 91.0
99.5 80.5
113.25 79.75
123.25 88.5
110.25 93.5
98.0 94.25
154.75 88.25
161.0 79.0
174.25 78.75
176.0 85.0
172.75 90.5
163.5 90.25
123.5 164.25
132.75 157.0
144.25 151.5
153.25 153.25
158.5 149.5
164.5 150.5
169.75 156.5
138.75 160.5
147.25 158.5
155.5 157.25
162.75 156.75
138.75 161.5
147.75 159.5
155.5 158.25
161.25 157.5
135.0 165.75
145.0 166.25
153.25 165.75
160.0 163.5
165.0 160.5
