37.0 34.0 161.5 161.5
67.5 76.5
74.5 68.75
86.75 66.0
97.25 68.5
119.5 63.25
128.0 61.5
144.5 59.0
161.75 65.0
170.25 70.25
110.25 79.25
109.75 87.0
108.75 97.5
108.25 112.0
95.5 126.5
106.0 126.75
113.0 125.75
121.0 125.25
134.0 121.25
71.25 92.5
75.25 82.25
86.5 80.25
96.75 88.0
84.0 93.5
75.0 94.75
129.25 85.5
135.75 75.5
152.5 73.75
160.25 80.5
150.5 86.5
138.5 87.0
92.0 161.0
97.25 154.25
105.25 149.25
114.0 151.25
120.25 147.75
129.5 149.25
140.75 156.5
103.5 158.25
110.5 156.5
119.5 155.75
130.5 156.25
103.5 159.0
110.75 157.75
119.25 157.0
127.75 156.75
99.75 163.25
106.75 164.25
114.75 164.25
123.25 162.75
132.0 160.25
