37.5 26.5 181.5 181.5
78.25 65.0
89.5 59.75
105.75 63.0
118.5 66.25
146.75 64.0
155.5 65.5
172.0 65.25
185.25 72.5
189.0 81.0
132.75 75.25
133.5 84.0
134.25 96.0
133.5 111.0
109.0 122.5
122.25 125.25
131.0 126.0
138.0 127.25
150.25 126.75
80.5 83.5
89.25 72.75
103.5 73.5
112.5 82.75
98.75 87.25
87.0 87.0
150.0 87.25
157.75 78.75
174.25 80.5
177.75 89.75
169.0 93.75
158.25 91.25
98.5 157.0
107.25 151.5
118.75 148.5
128.0 152.0
135.0 150.25
144.25 154.0
152.75 162.5
113.5 155.0
122.5 154.75
132.0 156.0
142.75 159.5
113.25 155.75
122.75 155.5
131.75 156.75
140.0 159.25
108.75 158.75
118.5 160.0
127.0 161.0
135.75 162.0
143.5 162.5
