28.5 28.0 176.0 176.0
78.0 62.0
88.25 57.25
103.25 60.5
115.25 64.25
143.5 63.25
152.5 65.25
170.0 65.75
184.25 74.0
189.25 83.25
128.25 73.75
128.0 82.25
126.75 93.75
123.75 108.25
102.5 119.5
114.75 122.75
122.75 123.75
130.25 125.75
143.5 126.25
79.75 80.5
87.75 70.0
101.5 71.25
110.0 80.75
96.25 84.75
85.0 84.0
147.25 87.0
155.25 79.0
172.5 81.5
176.5 91.25
166.25 94.75
155.25 91.5
90.25 153.25
98.25 148.0
109.0 145.5
118.0 149.75
125.25 148.5
135.0 153.0
144.5 162.75
104.25 152.0
113.0 152.25
122.5 154.0
133.75 158.75
104.0 152.75
113.0 153.0
122.25 154.75
130.75 158.0
99.5 155.25
108.5 157.0
116.75 158.75
125.75 160.5
134.25 161.75
