27.0 28.0 184.0 184.0
65.0 75.0
72.0 69.25
85.0 70.75
96.25 72.25
123.25 66.25
132.75 66.25
151.75 62.75
170.0 67.5
179.25 75.0
109.5 80.0
109.5 89.25
107.75 102.0
105.25 118.0
93.75 128.5
104.0 130.5
110.75 131.25
119.25 131.25
133.5 129.25
71.5 91.5
74.75 81.25
87.25 80.25
97.25 88.0
84.75 94.25
75.25 95.0
134.0 87.75
140.5 78.5
158.5 77.75
166.25 86.25
154.5 92.25
142.5 91.25
88.25 162.0
93.25 156.75
101.5 154.0
110.0 157.0
117.0 154.75
128.25 157.5
141.0 164.5
99.5 160.0
107.0 159.5
116.0 160.0
129.0 162.5
99.25 160.5
107.0 160.25
116.0 161.0
125.5 162.5
95.5 163.5
103.25 164.75
111.0 165.5
120.25 166.0
129.75 165.75
