33.0 46.0 156.5 156.5
60.75 82.0
66.0 77.5
77.75 79.75
88.5 81.75
114.0 75.5
123.75 75.0
143.5 70.25
163.25 73.25
174.5 78.25
101.25 89.75
101.25 99.75
99.0 114.25
96.5 131.25
89.75 136.25
98.75 139.5
104.5 141.25
113.25 140.5
127.75 137.5
69.0 97.0
70.25 88.25
82.0 87.5
92.25 94.75
80.75 101.0
72.25 101.25
127.75 94.5
133.5 85.0
151.75 84.0
160.75 91.0
148.25 98.75
136.0 98.0
87.25 167.25
90.75 163.75
97.25 162.25
105.25 165.5
111.75 163.5
123.0 165.25
137.0 170.5
96.5 166.75
103.0 167.0
111.75 167.75
124.5 169.5
96.5 167.5
103.25 167.75
111.5 168.5
121.25 169.5
93.25 170.0
100.0 172.0
107.0 173.0
115.75 173.25
125.25 172.5
