53.0 31.0 165.0 165.0
66.5 78.0
75.25 70.75
91.0 70.0
104.0 70.25
131.0 61.5
140.0 60.75
157.0 56.25
172.5 60.0
179.25 67.25
119.5 76.0
121.75 84.5
124.0 96.25
126.0 111.25
107.25 127.25
120.0 127.0
128.5 126.0
136.0 125.5
148.5 122.0
73.25 95.25
78.25 83.0
92.0 80.5
103.0 87.5
90.75 95.0
79.75 97.25
140.5 83.0
146.25 73.0
163.25 70.5
169.5 78.75
161.0 85.0
149.5 85.25
105.0 162.75
111.5 155.75
121.25 150.5
131.0 152.0
137.5 148.75
148.0 150.25
159.25 156.5
118.25 158.0
126.75 155.75
136.5 154.75
148.25 156.0
118.25 158.5
127.25 156.5
136.25 155.75
145.5 156.25
114.5 162.25
124.0 161.5
132.25 161.0
141.25 160.0
149.75 158.75
