45.0 39.0 154.0 154.0
62.25 78.5
68.25 72.0
80.75 72.0
92.0 72.75
117.75 64.5
127.25 63.75
146.25 59.0
165.0 62.5
175.25 69.75
105.25 79.0
105.5 87.75
104.25 100.25
102.5 115.75
93.0 128.75
103.0 129.75
109.5 129.5
118.25 129.25
132.5 126.25
69.75 94.75
72.0 83.75
84.25 81.75
94.5 88.75
82.75 95.75
73.5 97.25
130.75 85.5
136.25 75.75
154.25 73.5
162.75 81.75
151.0 88.5
139.0 88.25
90.0 162.75
94.25 156.75
101.75 153.0
110.5 155.25
117.25 152.75
128.75 154.75
142.5 161.75
100.5 159.5
107.75 158.25
117.0 158.5
130.0 160.25
100.5 160.25
108.0 159.25
116.75 159.25
126.75 160.25
97.0 163.5
104.5 163.75
112.0 164.0
121.25 164.0
131.0 163.25
