46.5 31.0 154.5 154.5
84.25 60.25
95.5 53.25
111.5 52.5
124.5 57.25
151.5 58.5
160.25 59.75
173.25 62.75
183.75 73.75
186.5 82.25
139.0 70.0
140.25 77.5
142.75 89.0
144.25 103.25
115.5 117.5
129.0 119.0
137.75 119.75
143.25 121.25
153.25 121.5
86.0 77.75
95.0 67.0
108.0 67.25
117.0 76.25
103.5 79.25
92.5 79.5
152.25 82.25
159.25 75.75
173.75 78.75
176.25 87.5
169.5 89.5
160.0 86.5
105.5 148.25
115.75 141.5
127.0 136.75
135.5 140.25
141.25 138.25
148.75 142.75
156.25 152.75
121.0 146.75
129.5 145.75
138.25 146.75
147.25 150.25
120.5 147.5
129.5 147.0
138.0 148.0
145.25 150.0
115.75 151.25
125.5 153.0
133.5 154.75
141.75 154.5
149.0 154.25
