40.0 45.0 152.5 152.5
68.25 84.5
76.5 76.5
91.5 73.5
105.75 75.5
133.75 69.0
143.5 67.0
158.75 64.5
173.0 70.0
178.75 74.5
123.25 86.25
125.5 96.25
129.5 112.25
132.75 130.75
111.25 139.5
123.75 140.5
131.75 140.75
138.25 139.0
148.75 134.0
75.25 100.0
80.25 89.5
93.0 86.75
104.25 92.75
91.75 100.0
81.5 102.0
141.25 89.0
147.25 80.25
163.0 79.25
168.25 85.25
160.75 91.75
150.0 91.75
109.0 170.0
116.25 163.75
125.25 158.75
133.75 160.5
139.25 157.0
147.75 158.0
157.75 162.75
122.25 167.0
129.75 165.5
138.25 164.25
148.25 163.75
122.0 168.0
130.0 166.75
138.25 165.5
146.0 164.5
118.25 172.25
127.25 173.5
135.0 173.75
143.0 171.0
150.25 167.5
