36.0 27.0 172.5 172.5
62.25 79.75
67.25 70.75
78.0 66.0
89.25 66.75
114.25 59.0
124.0 56.75
140.25 54.25
158.0 60.5
168.25 66.75
103.25 75.25
103.0 83.5
101.5 96.25
100.0 111.75
92.0 127.75
100.75 127.25
106.25 126.5
114.5 126.0
127.75 122.5
69.5 94.75
71.25 83.25
81.75 80.0
92.0 85.5
80.75 92.5
72.75 95.25
126.0 80.5
131.5 71.5
147.25 69.75
155.5 77.0
145.5 82.5
134.25 82.5
89.0 159.0
93.75 151.25
100.5 145.25
108.0 147.0
113.5 143.75
123.5 146.0
136.75 153.25
99.5 155.25
105.75 153.25
114.0 152.25
125.75 153.25
99.25 156.0
105.75 154.25
113.75 153.5
122.75 153.5
95.75 160.5
102.25 161.0
109.5 161.25
117.75 159.25
127.25 157.0
