50.0 34.0 151.5 151.5
67.25 75.0
74.5 65.75
88.0 61.5
101.0 62.75
127.75 56.75
137.5 55.5
153.0 54.25
168.25 61.75
175.75 69.0
116.75 72.25
117.75 80.0
119.25 92.0
120.5 107.25
103.25 124.75
114.5 124.0
121.75 123.0
129.25 123.0
141.25 120.0
73.5 91.0
77.75 79.0
89.75 76.25
100.25 82.5
88.0 89.0
78.5 91.5
136.5 79.25
142.5 70.75
158.0 70.0
164.25 77.75
156.0 82.25
145.0 81.75
99.25 156.5
106.25 148.5
115.0 142.0
123.5 143.75
129.25 140.5
138.5 143.0
150.0 150.75
112.25 152.25
119.75 150.25
128.5 149.25
139.5 150.5
112.0 153.25
120.0 151.25
128.5 150.5
137.0 150.75
108.0 157.75
116.5 158.0
124.5 158.25
133.0 156.25
141.5 154.25
