34.0 34.5 166.0 166.0
70.25 69.25
78.75 62.75
91.75 60.5
103.75 64.25
128.0 61.5
137.75 60.5
153.5 60.75
168.25 68.5
177.25 75.25
116.0 75.25
114.5 83.5
112.0 95.5
110.75 109.75
96.75 124.5
107.5 125.75
114.5 125.75
123.0 125.0
136.0 122.25
74.0 89.0
80.25 79.5
91.75 78.25
101.5 85.75
88.5 90.0
78.75 90.75
134.25 86.75
142.0 78.5
157.5 79.5
164.5 86.25
154.5 89.75
143.5 89.0
90.75 153.5
97.0 148.0
106.25 144.25
115.25 146.5
122.5 143.5
134.0 146.0
146.25 152.75
103.0 153.75
111.25 153.25
121.25 153.0
135.0 153.75
102.5 154.75
111.25 154.5
121.25 154.5
131.5 154.5
98.25 159.0
106.25 161.25
115.75 163.25
126.0 161.25
136.25 158.5
