42.5 34.5 163.0 163.0
74.5 73.25
84.75 66.0
100.5 63.25
114.25 66.25
138.75 62.25
147.75 60.75
161.25 60.25
173.5 66.75
179.5 72.5
129.0 77.0
130.75 85.25
133.5 97.75
136.75 112.25
113.5 128.25
127.0 128.25
135.75 127.5
142.75 125.75
153.0 121.5
79.5 93.5
87.75 83.25
100.5 81.0
111.25 88.25
98.25 93.5
87.25 95.25
144.5 86.75
151.25 78.25
165.75 78.25
170.75 84.0
164.25 88.25
154.0 88.25
109.25 158.0
117.75 151.75
129.0 146.75
138.75 148.0
145.0 144.0
154.75 145.0
164.0 150.0
124.25 156.75
133.75 155.0
144.0 153.5
155.0 152.25
124.25 157.75
134.25 156.25
144.0 155.0
152.75 153.5
120.0 162.5
130.5 163.75
140.5 164.25
149.75 160.75
157.25 156.75
