26.0 39.0 177.5 177.5
66.25 75.75
73.25 71.25
84.75 71.25
96.0 76.5
120.0 75.0
130.25 74.0
147.0 73.75
163.25 80.5
174.0 85.25
107.75 89.5
105.0 99.5
101.0 115.0
98.5 131.0
90.5 135.5
99.25 139.25
105.0 141.25
114.0 140.0
127.5 136.5
71.0 94.75
75.25 88.0
86.0 87.5
95.75 95.75
83.25 99.25
74.5 98.75
127.75 98.75
135.25 91.0
151.0 92.75
159.25 97.75
147.75 103.25
136.75 102.0
86.25 160.5
90.5 158.25
97.75 157.25
106.0 160.5
112.75 158.25
124.25 160.0
137.5 164.5
96.0 164.0
102.75 165.0
112.25 165.75
125.75 165.75
95.75 164.75
102.75 166.5
112.0 167.25
122.5 167.0
92.0 168.0
98.25 172.5
106.5 175.5
116.0 174.0
127.0 170.75
