47.0 33.0 167.0 167.0
73.25 70.5
83.0 64.5
98.0 62.75
111.0 66.75
136.0 64.25
145.5 63.25
160.25 63.5
173.75 71.0
180.75 77.0
124.5 78.5
124.25 87.25
124.25 100.25
124.75 115.0
105.0 128.25
117.5 129.5
125.5 130.0
133.25 128.75
145.25 125.25
77.25 91.0
84.75 81.75
97.25 80.5
107.5 88.25
94.25 92.5
83.5 93.25
141.25 89.25
148.75 81.0
163.75 82.0
169.5 88.25
161.25 92.5
150.5 91.5
99.0 157.0
106.75 152.0
117.25 148.25
126.75 150.5
133.75 147.25
144.25 149.0
154.75 154.5
112.75 157.5
121.75 157.0
132.0 156.5
144.5 156.25
112.5 158.5
122.0 158.25
132.0 157.75
141.5 157.25
108.0 162.75
117.5 165.25
127.25 167.0
137.25 164.5
146.25 161.0
