34.0 32.5 155.5 155.5
72.25 67.75
78.75 60.0
88.0 54.5
98.75 59.25
119.75 55.5
130.25 50.5
145.0 51.5
158.0 60.0
170.0 69.5
109.25 78.5
106.0 86.25
100.25 95.0
95.25 105.5
81.75 120.5
92.25 120.5
99.5 120.0
108.5 121.5
124.5 121.0
71.25 85.0
76.25 76.25
85.5 74.5
93.75 82.25
81.25 85.25
73.75 86.25
126.75 81.5
134.0 72.75
149.0 72.75
157.0 79.0
146.25 82.75
135.25 82.25
76.25 152.0
79.5 145.0
86.25 139.0
94.25 141.75
101.25 139.25
113.0 145.25
125.75 155.25
85.0 151.5
91.5 150.0
100.5 150.75
114.0 154.25
84.75 152.5
91.5 151.5
100.25 152.25
110.5 154.5
81.25 157.25
87.25 159.25
94.25 162.0
103.5 160.5
114.5 160.0
