62.5 34.0 149.0 149.0
96.0 58.5
107.0 52.25
121.75 49.75
134.5 58.0
155.75 59.75
165.0 57.25
175.0 61.25
182.75 71.5
186.5 81.5
143.5 79.75
144.75 87.75
148.0 96.5
149.0 107.25
118.25 119.25
134.25 121.0
143.75 121.25
150.75 123.75
162.25 124.5
93.25 77.25
104.5 69.25
116.5 70.25
125.0 80.0
111.75 80.5
100.75 79.5
158.0 86.25
165.25 79.0
177.5 82.0
180.25 88.75
175.75 90.75
167.0 88.5
109.75 152.25
119.5 145.0
132.5 139.75
142.25 143.5
149.0 141.5
156.75 147.75
161.25 157.5
124.5 152.25
134.75 151.25
144.25 152.5
153.25 156.5
124.25 153.25
135.0 152.75
144.0 154.0
151.25 156.5
119.25 158.0
130.5 160.5
139.0 163.75
147.5 162.5
154.25 162.0
