44.5 34.0 164.0 164.0
86.75 69.0
96.75 60.75
111.0 56.0
125.5 62.25
147.0 59.5
156.25 55.0
167.0 56.5
176.5 64.75
181.5 73.25
137.75 82.75
140.25 91.5
144.75 101.75
147.25 113.5
119.0 128.25
134.75 127.75
144.25 126.75
151.5 127.25
163.0 125.0
87.25 88.25
97.0 79.25
109.25 77.75
119.25 86.25
106.25 89.5
95.25 90.25
153.5 85.75
159.5 77.0
172.5 77.25
176.25 82.75
172.0 87.0
162.75 86.5
115.75 161.75
124.0 154.25
136.0 147.5
146.0 149.5
152.25 146.0
160.75 150.0
166.75 157.25
130.25 159.75
140.0 157.5
149.25 157.0
158.75 158.25
130.0 161.0
140.25 159.0
149.25 158.75
156.75 159.0
126.0 166.5
137.25 167.5
145.75 169.25
154.0 166.0
160.5 163.5
