69.0 44.0 131.5 131.5
97.25 60.5
108.25 54.25
123.25 52.0
136.25 60.75
157.5 62.5
166.75 60.0
176.75 64.0
184.25 74.0
187.5 83.5
144.5 83.0
145.75 91.5
148.75 101.75
149.5 113.0
118.5 123.25
134.5 125.75
144.0 126.25
150.75 128.5
162.0 128.75
94.0 79.25
105.5 72.0
117.5 73.0
125.75 83.0
112.75 83.5
101.75 82.5
159.0 89.25
166.25 82.0
178.75 85.0
181.25 91.25
176.75 94.0
167.75 91.75
109.5 156.0
119.25 149.75
132.25 145.0
142.0 148.75
148.75 146.5
156.0 152.5
160.25 161.5
124.25 156.5
134.5 156.0
143.75 157.0
152.5 160.5
124.0 157.75
134.5 157.5
143.25 158.75
150.5 160.75
118.75 162.5
130.0 165.25
138.0 168.5
146.5 167.0
153.25 166.0
