67.0 38.0 150.5 150.5
91.75 67.5
102.0 59.5
116.5 54.75
130.75 61.5
151.5 59.5
160.0 55.25
169.5 57.0
178.0 65.5
182.0 74.0
142.5 82.0
145.75 90.5
151.5 100.5
155.0 112.0
125.5 127.0
141.25 126.5
150.75 125.5
157.25 126.0
167.5 124.0
92.0 87.0
102.5 77.75
114.5 76.5
124.25 85.25
111.75 88.25
100.75 89.0
157.25 85.25
162.75 77.0
175.0 77.5
177.75 83.0
174.75 87.0
166.0 86.5
122.25 160.75
131.25 152.75
143.25 146.0
153.25 148.0
159.25 144.5
166.5 148.5
171.0 156.0
137.0 158.5
146.75 156.25
155.75 155.5
164.0 157.0
136.75 159.75
147.25 157.75
155.75 157.25
162.5 157.5
132.75 165.25
144.25 166.0
152.5 167.75
160.25 164.5
165.75 162.0
