44.5 40.5 154.0 154.0
69.25 78.25
76.25 70.0
87.25 64.5
101.0 69.5
123.5 64.0
133.75 57.75
148.5 57.0
162.0 64.0
172.75 71.25
115.25 88.75
115.0 98.5
114.0 110.75
112.75 123.75
95.0 136.0
108.0 136.0
116.25 135.25
125.25 135.25
140.25 131.75
71.25 96.5
77.0 88.0
87.75 86.0
98.25 93.25
85.25 97.75
76.0 98.75
133.75 90.0
140.25 80.25
155.5 79.0
163.0 83.5
154.5 89.75
143.25 90.5
94.0 167.25
98.5 161.5
106.75 156.25
116.0 158.5
123.0 155.0
134.5 158.25
146.0 164.25
105.25 166.75
113.0 165.25
122.5 165.0
135.25 165.75
105.0 167.75
113.25 166.75
122.5 166.5
132.25 166.5
101.75 172.75
110.25 175.0
118.25 177.0
127.25 174.0
136.75 171.0
