53.5 44.5 145.5 145.5
80.0 71.75
89.25 64.5
103.0 60.5
117.0 67.5
140.25 65.5
150.75 60.75
164.0 62.0
175.0 70.5
182.5 78.75
128.75 88.75
128.75 98.75
129.0 111.0
128.25 124.0
103.5 134.0
118.25 135.5
127.5 135.5
135.75 136.25
149.75 134.25
79.5 90.75
88.25 83.0
100.0 82.25
110.0 91.0
96.25 94.0
85.75 93.75
146.0 92.25
153.5 83.5
168.25 84.25
173.25 89.5
166.25 94.5
155.75 94.0
98.5 165.5
105.25 160.0
116.0 155.75
125.75 158.75
132.75 155.75
142.75 160.0
151.0 166.5
111.25 166.0
120.25 165.25
130.0 165.5
141.25 167.0
111.0 167.0
120.5 166.75
129.75 167.25
138.75 167.75
106.75 171.5
116.5 174.5
124.75 177.25
133.75 175.0
142.5 172.5
