15.5 24.5 190.5 190.5
60.0 85.0
65.5 76.5
77.75 72.5
90.75 76.0
113.0 67.25
121.75 60.75
141.0 55.75
158.0 61.75
171.0 66.25
106.25 91.25
106.0 100.5
104.75 111.75
104.0 123.5
92.0 136.0
103.75 136.25
110.75 134.75
119.25 134.0
132.25 128.75
66.0 100.5
69.5 91.0
80.75 89.25
91.25 96.75
79.25 101.5
70.25 102.75
125.75 91.0
131.5 79.5
148.75 75.25
158.0 80.5
147.5 88.25
135.25 90.75
90.75 168.25
94.5 160.5
103.0 154.5
113.0 155.5
120.75 151.75
133.25 153.5
147.25 160.0
101.5 163.75
109.5 161.25
120.0 159.75
134.75 160.0
101.5 164.75
109.75 162.25
119.75 161.0
131.25 160.5
98.0 169.0
106.0 169.0
114.5 169.0
124.25 166.75
136.0 164.0
