13.0 88.5 40.5 40.5
78.5 81.0
90.25 73.25
108.75 71.75
123.5 77.75
148.0 72.25
157.0 67.0
172.5 64.5
183.25 72.0
188.0 76.5
136.75 95.25
138.25 104.75
142.0 117.0
144.75 129.5
118.0 139.5
132.75 140.25
141.5 139.5
148.25 138.75
159.0 133.75
81.25 98.25
91.25 89.5
105.5 89.25
115.25 98.0
102.0 101.75
89.75 101.75
152.0 96.0
159.25 85.75
174.5 83.5
178.25 88.75
172.5 95.75
161.75 97.0
111.0 171.75
120.0 164.5
132.75 158.75
143.75 159.75
150.75 156.0
160.0 157.5
167.0 162.75
127.25 167.5
138.0 165.25
148.0 163.75
158.5 163.25
127.25 168.5
138.25 166.5
148.0 165.0
156.25 164.0
123.0 173.0
135.0 173.25
144.5 173.0
153.0 170.5
160.25 167.0
