32.5 24.0 183.0 183.0
67.0 77.0
75.5 67.5
91.0 63.0
105.25 66.5
128.75 58.75
137.5 53.0
155.0 50.25
169.25 57.75
178.25 64.25
120.75 82.25
121.75 90.5
123.5 99.5
125.0 109.5
105.0 127.0
119.0 126.25
127.25 124.0
135.25 123.5
147.75 119.0
71.5 94.0
78.25 83.0
91.25 81.0
102.0 89.0
89.0 93.5
78.25 95.25
138.5 83.75
144.75 72.75
161.0 69.5
168.0 75.75
160.0 81.5
148.5 83.25
101.5 162.0
108.25 152.0
119.25 144.0
130.75 144.25
138.5 140.5
150.25 142.75
161.75 150.75
116.0 155.0
126.0 151.25
137.0 149.25
150.5 150.0
116.0 156.0
126.5 152.25
137.0 150.5
147.5 150.5
112.0 161.0
122.75 159.0
132.75 158.25
142.5 156.0
152.5 153.75
