27.5 31.5 176.5 176.5
70.75 68.75
78.75 63.0
92.25 63.75
103.75 71.75
128.25 70.5
138.5 67.0
158.5 68.0
173.0 78.75
183.75 86.0
114.5 91.5
111.5 100.5
107.25 112.0
103.25 123.75
87.75 129.5
99.0 133.75
106.25 135.0
114.5 136.5
128.25 135.5
72.25 85.5
78.5 78.25
90.0 80.5
98.0 91.0
85.0 91.75
75.75 89.5
133.25 96.75
142.25 87.5
160.0 88.75
167.25 96.0
155.0 101.0
142.5 99.5
77.25 159.0
83.25 153.75
93.0 151.25
102.5 155.25
110.75 154.0
122.25 159.25
133.25 168.5
89.0 159.0
97.5 159.25
107.75 161.25
121.75 165.25
88.75 159.75
97.25 160.5
107.25 162.5
118.0 165.0
84.25 162.75
91.75 165.75
100.0 168.5
110.0 169.25
121.75 169.5
