22.0 26.0 181.0 181.0
88.25 66.0
101.0 59.0
119.75 59.0
133.25 66.5
156.5 64.75
165.0 61.25
178.5 62.5
187.0 72.5
189.75 79.5
144.25 85.5
145.5 94.0
149.5 104.0
152.5 114.75
122.75 126.75
137.75 128.5
146.5 128.25
152.75 129.0
163.0 126.5
88.25 84.75
100.0 75.5
114.0 76.75
122.5 87.25
109.5 88.75
97.0 87.75
157.25 90.25
164.75 81.0
178.5 81.5
181.25 88.5
176.25 92.75
166.5 92.25
112.5 160.75
123.25 152.25
137.0 146.5
148.0 148.75
155.0 146.0
163.0 149.75
168.5 158.25
130.0 156.5
141.5 154.5
151.5 154.25
160.75 156.5
130.0 157.5
141.75 155.5
151.5 155.5
158.75 156.5
125.25 161.75
138.25 162.0
148.0 162.5
156.0 161.5
162.5 160.5
