41.0 29.5 179.0 179.0
88.5 72.5
101.5 65.5
120.5 65.75
134.0 73.0
157.75 70.5
166.5 66.5
180.0 66.25
188.0 75.25
190.5 81.0
145.0 91.75
146.5 101.25
150.5 112.75
153.5 124.5
123.5 134.25
138.5 136.25
147.25 135.75
153.25 135.75
163.25 132.25
88.5 90.75
100.5 82.0
114.5 83.25
123.0 93.25
110.25 95.5
97.75 94.5
158.0 95.0
165.75 85.5
179.5 85.0
181.75 91.0
177.0 96.75
167.25 96.75
113.5 167.25
124.0 159.75
137.75 154.5
148.5 156.25
155.25 153.25
163.0 155.75
168.25 162.5
131.0 163.5
142.0 161.5
151.75 161.0
160.5 161.75
131.0 164.5
142.5 162.75
151.75 162.25
158.75 162.25
126.25 168.75
139.0 169.25
148.25 169.75
156.25 168.0
162.25 165.75
