41.0 26.0 172.0 172.0
81.75 64.0
93.25 56.0
111.25 54.5
124.75 60.75
148.25 58.25
157.0 54.5
171.75 56.0
182.25 66.0
187.0 74.25
137.25 79.0
138.25 86.75
141.5 94.75
144.25 104.25
116.5 119.75
131.5 120.75
140.5 119.75
147.5 121.0
158.75 118.75
82.75 82.25
93.0 72.0
107.0 72.75
116.0 82.5
103.0 84.25
90.75 84.0
152.0 84.25
159.0 75.0
173.75 75.0
177.75 82.75
172.0 86.0
161.5 85.5
107.5 154.5
117.5 144.75
131.0 138.0
142.5 139.75
150.0 137.25
159.5 141.75
167.0 151.75
125.0 149.0
136.25 146.25
147.0 146.0
157.75 149.25
125.0 149.75
136.75 147.25
147.0 147.25
155.5 149.0
120.25 154.25
133.0 153.5
143.0 154.0
152.0 153.0
159.75 153.0
