37.0 25.5 180.0 180.0
78.5 65.0
89.25 58.5
106.0 58.75
118.75 66.5
144.0 65.25
154.0 62.0
171.5 63.75
183.25 74.5
190.0 82.25
129.75 86.0
128.5 94.75
127.75 105.0
126.75 116.0
102.5 125.5
116.5 128.75
125.0 129.25
132.75 130.5
145.75 129.0
78.5 82.75
88.0 74.25
101.25 76.25
109.5 86.75
95.75 87.75
84.75 86.0
146.5 91.75
155.5 82.75
172.0 83.75
176.75 91.25
167.75 95.5
156.25 94.25
90.25 157.75
99.25 150.75
112.0 146.5
122.75 149.75
131.25 148.0
141.75 153.0
150.5 162.75
106.0 155.75
116.5 155.0
127.5 156.0
140.0 159.75
105.75 156.5
116.5 156.0
127.25 157.25
137.0 159.5
100.5 160.25
111.5 161.75
121.0 163.75
131.0 163.75
141.0 163.75
