32.0 30.0 171.0 171.0
70.5 67.25
78.25 60.25
91.25 59.5
102.5 66.25
126.25 63.5
136.25 59.5
156.0 60.25
170.75 70.75
181.75 79.0
113.25 85.0
110.5 93.5
106.25 103.5
102.25 114.25
87.25 124.25
98.5 127.25
105.75 127.75
114.0 129.25
128.0 127.75
72.0 84.25
78.0 75.5
89.25 76.75
97.25 86.75
84.25 88.0
75.5 87.0
132.25 90.25
140.75 80.5
158.25 81.0
165.75 88.75
153.75 93.25
141.25 92.25
77.0 155.5
83.0 148.5
92.75 144.5
102.25 148.0
110.75 146.5
122.5 151.75
134.0 162.25
88.75 153.5
97.25 153.0
107.75 154.25
122.0 158.5
88.5 154.5
97.25 154.0
107.25 155.5
118.5 158.25
84.0 157.75
91.5 159.5
100.0 161.75
110.25 162.25
122.25 162.75
