15.5 32.5 197.5 197.5
63.75 81.5
70.75 75.5
83.25 74.25
94.75 78.75
120.25 75.0
129.5 73.0
147.25 71.75
165.0 76.25
173.75 79.0
109.25 92.5
108.25 102.0
106.25 113.25
105.0 129.75
90.25 134.25
101.75 137.5
109.0 138.0
118.0 137.0
133.25 132.25
68.5 96.0
71.5 88.5
82.5 87.25
92.0 95.5
80.75 99.0
72.25 99.5
131.5 96.0
138.5 86.75
155.25 86.25
163.75 91.0
152.75 97.5
141.25 97.25
90.5 165.25
94.5 162.25
101.5 160.5
110.25 163.5
117.0 160.75
127.25 161.75
138.5 165.25
100.5 166.5
107.25 167.0
116.5 167.0
128.25 166.75
100.25 167.5
107.25 168.0
116.5 168.0
125.5 167.5
97.0 170.5
103.5 173.25
112.0 174.75
121.0 173.25
129.75 170.75
