47.0 31.0 170.0 170.0
87.0 66.75
101.0 61.25
119.75 62.25
132.25 68.5
157.5 70.0
165.25 70.0
177.25 72.75
186.0 80.75
187.0 85.5
143.5 84.75
144.0 93.5
146.0 103.25
147.0 118.5
116.25 124.75
132.5 128.0
142.25 129.0
148.75 129.25
159.5 127.0
87.25 83.25
99.0 74.75
113.0 75.5
120.25 85.75
107.5 87.25
95.75 86.75
158.75 92.75
167.25 85.0
180.0 87.5
181.0 94.0
176.25 97.25
167.75 95.25
109.75 158.0
119.0 154.25
130.75 151.75
140.0 155.25
146.75 152.75
153.75 155.0
159.0 160.25
124.0 159.25
133.25 159.5
142.75 159.75
151.0 160.75
123.75 160.25
133.5 160.5
142.5 161.0
149.25 161.5
119.0 163.5
128.75 166.0
137.75 167.75
146.25 166.5
152.25 165.0
