25.5 35.5 146.0 146.0
74.5 65.25
84.5 58.0
99.25 55.75
110.5 60.25
136.5 59.5
145.25 59.0
161.25 61.75
175.5 70.75
181.25 77.5
123.0 75.0
121.75 82.25
120.25 90.0
118.0 103.25
96.5 115.0
110.0 116.5
118.5 116.25
127.0 117.5
141.75 116.25
76.0 80.75
83.0 70.5
95.0 69.75
103.0 79.0
90.75 81.25
81.0 82.0
142.75 83.25
151.0 74.75
166.5 76.75
172.25 85.25
163.0 87.25
152.25 85.0
90.75 148.5
97.5 143.25
106.75 139.5
116.25 142.75
123.75 140.5
133.5 144.0
143.0 151.5
103.0 148.75
111.25 148.0
121.25 148.75
132.75 151.25
102.75 149.5
111.25 149.25
121.0 149.75
130.0 151.25
98.25 153.0
106.25 154.75
115.5 156.5
125.25 156.0
134.0 155.5
