30.0 39.5 171.5 171.5
64.75 79.75
72.5 73.5
85.5 72.25
97.0 76.5
122.75 73.0
132.0 71.25
149.75 70.25
166.75 75.25
175.0 78.5
111.25 90.5
110.25 99.75
108.5 111.0
107.25 127.0
91.5 132.75
103.25 135.5
110.75 136.0
119.75 135.25
134.75 130.5
69.25 94.5
73.0 86.5
84.0 85.5
93.75 93.75
82.0 97.0
73.5 97.75
133.25 94.5
140.5 85.25
157.0 85.0
165.25 90.25
154.5 96.25
143.0 95.75
91.0 164.0
95.25 160.75
102.5 158.75
111.5 161.75
118.5 158.75
128.75 160.0
139.5 164.0
101.25 165.25
108.25 165.5
117.75 165.25
129.5 165.25
101.0 166.0
108.25 166.5
117.5 166.5
126.75 166.25
97.5 169.0
104.5 171.75
113.0 173.25
122.25 171.75
130.75 169.5
