23.5 31.0 172.0 172.0
69.25 70.0
77.25 62.5
89.5 59.75
100.25 63.5
125.5 60.75
134.25 59.75
151.5 61.0
168.0 68.75
176.25 75.0
112.75 77.5
110.75 85.25
108.0 93.5
104.75 107.25
89.0 118.75
100.25 120.0
107.75 119.75
116.75 120.25
132.5 118.25
71.75 84.75
76.25 74.75
87.0 73.5
95.5 82.25
83.75 85.25
75.25 86.25
134.0 84.25
141.75 75.0
158.0 76.0
165.75 84.0
154.75 87.0
143.5 85.5
84.75 151.5
89.5 146.5
97.0 143.0
106.0 146.25
113.25 143.75
123.75 146.5
134.75 153.5
95.25 151.75
102.25 151.25
112.0 151.75
124.25 153.5
95.0 152.75
102.25 152.25
111.75 152.75
121.25 154.0
91.0 156.0
97.75 158.0
106.25 159.5
116.0 158.75
125.25 157.75
