29.0 31.5 170.0 170.0
61.75 81.0
67.25 72.0
77.75 66.75
88.25 68.25
111.5 60.75
120.0 57.75
137.5 55.75
155.75 60.25
165.75 65.0
102.5 79.25
101.5 87.0
99.25 95.5
98.0 109.25
87.0 124.0
97.25 122.75
103.75 121.0
113.0 120.0
128.5 115.25
67.0 95.0
68.5 84.25
78.25 80.75
87.75 87.5
77.25 92.5
70.0 95.5
124.75 82.0
130.5 71.5
146.5 69.25
156.5 75.75
145.25 80.75
134.0 81.25
88.5 156.75
91.75 150.75
97.75 146.0
106.5 147.25
113.25 143.5
124.0 144.75
137.0 149.75
98.0 155.0
104.25 153.25
113.75 151.75
126.25 151.5
98.0 156.0
104.5 154.25
113.75 153.0
123.25 152.5
94.75 160.0
101.0 160.5
109.25 160.5
118.75 158.0
128.0 155.5
