38.0 32.5 164.5 164.5
69.75 68.5
76.75 61.75
87.5 60.0
97.0 64.5
121.25 63.0
130.0 62.25
148.0 64.0
165.25 72.5
174.5 78.5
108.25 79.0
105.0 87.0
100.5 95.75
95.5 109.75
83.25 118.75
92.75 121.0
99.0 121.5
108.25 122.5
124.75 121.0
72.0 83.25
75.25 74.0
85.0 73.5
92.75 82.5
81.5 84.75
74.0 85.25
129.5 86.5
137.25 78.0
153.75 79.75
162.25 87.75
149.75 90.5
138.5 88.5
77.75 150.5
81.5 146.25
87.75 143.75
95.75 147.5
102.75 145.5
113.25 149.0
124.75 156.25
86.5 151.75
92.75 152.0
101.75 153.25
114.0 155.75
86.25 152.75
92.5 153.0
101.5 154.25
110.75 156.0
82.5 155.75
87.75 158.25
95.5 160.5
105.0 160.5
114.5 160.0
