50.5 28.5 163.5 163.5
70.0 72.25
79.75 63.75
95.0 59.75
107.5 62.75
133.25 58.5
141.75 57.0
157.25 57.75
171.5 64.75
177.25 70.5
122.0 75.75
122.25 83.25
122.75 91.25
123.5 104.75
101.5 119.25
116.0 118.75
124.75 117.5
133.0 117.25
146.75 114.0
73.75 87.5
80.25 76.5
92.5 74.0
102.0 82.25
89.75 86.25
79.75 88.25
142.0 81.25
149.0 72.0
164.25 72.0
170.25 79.5
162.25 82.5
151.75 81.75
100.75 153.25
107.25 147.0
116.5 142.25
126.75 144.0
133.75 140.5
143.25 142.5
153.0 148.5
113.5 151.75
122.0 150.0
132.0 149.25
143.25 149.75
113.5 152.5
122.25 151.0
132.0 150.25
140.75 150.5
109.25 156.75
118.0 157.25
127.5 157.75
137.0 155.75
145.0 153.75
