51.0 35.5 175.5 175.5
78.5 75.75
91.5 68.75
109.75 67.25
123.0 72.0
149.0 69.25
157.0 68.0
170.25 68.0
180.75 74.0
183.0 78.0
136.75 86.25
138.25 95.25
141.0 105.5
143.5 121.25
115.0 130.0
131.25 131.5
141.0 131.25
147.75 130.25
158.75 125.75
81.5 91.75
91.5 82.5
105.25 81.25
114.25 90.25
101.5 93.75
90.0 94.75
154.0 91.0
161.5 82.0
175.0 82.25
177.5 88.0
172.5 92.75
163.25 92.25
113.25 163.25
121.5 158.75
132.5 155.25
142.25 157.25
148.75 153.75
156.25 154.75
162.5 158.25
127.25 162.75
136.25 162.0
145.5 161.0
154.5 160.25
127.0 163.75
136.5 163.0
145.5 162.0
152.5 161.25
122.75 167.5
132.5 169.0
141.75 169.5
150.25 167.0
156.25 164.25
