37.0 27.0 164.0 164.0
66.25 75.5
74.5 66.25
88.25 61.5
100.25 63.75
125.25 57.75
133.75 55.75
150.25 55.5
166.0 61.75
173.25 67.25
114.75 75.5
114.75 83.0
114.5 90.75
114.75 104.0
96.25 119.75
109.5 118.5
117.5 116.75
126.5 116.25
141.0 112.5
70.5 90.25
75.25 78.75
86.75 75.75
96.5 83.25
84.75 87.75
75.5 90.5
136.0 80.0
142.5 70.25
158.25 69.25
165.5 76.75
156.5 80.0
145.75 80.0
96.75 153.5
102.0 147.0
110.25 141.75
120.25 143.25
127.25 139.5
137.5 141.25
148.5 147.0
108.5 151.5
116.5 149.5
126.5 148.25
138.25 148.5
108.5 152.25
116.5 150.5
126.25 149.25
135.5 149.25
104.75 156.5
112.75 156.75
122.0 157.0
131.5 154.5
140.0 152.5
