34.5 35.0 181.0 181.0
71.5 77.5
80.5 70.75
95.25 69.5
109.0 72.0
133.5 65.75
142.25 63.25
155.5 59.5
168.25 63.5
174.5 68.75
125.0 84.0
127.0 92.5
130.5 104.25
133.5 118.25
112.75 133.0
125.75 133.0
134.25 132.5
141.5 131.25
152.25 127.25
75.25 97.75
81.5 86.5
95.25 84.5
108.0 92.0
93.25 98.25
81.75 100.25
141.25 88.0
147.0 77.75
163.25 74.75
169.0 81.25
162.25 87.75
150.75 89.0
108.5 162.75
117.0 158.0
128.75 153.5
137.75 155.0
143.5 151.5
154.0 151.25
163.5 154.25
123.5 162.5
133.5 161.0
142.25 159.75
154.0 157.75
123.5 163.5
133.75 162.25
142.5 161.0
151.5 159.25
119.5 168.0
130.25 169.25
139.25 170.25
147.5 166.75
156.0 162.25
