31.0 45.0 165.5 165.5
69.75 71.75
75.75 67.75
86.5 69.75
97.0 74.75
121.0 72.75
130.75 71.75
146.75 69.75
162.75 75.25
173.0 81.0
108.75 89.75
106.5 99.0
102.0 112.5
98.0 127.5
89.0 134.0
97.5 137.5
103.5 139.5
112.0 139.75
125.75 138.0
72.0 91.25
75.25 82.5
86.25 83.5
96.5 93.0
82.25 96.25
74.0 95.5
128.0 95.75
135.75 86.5
153.75 86.5
161.75 93.5
149.25 100.0
136.75 98.75
83.75 159.25
88.0 158.0
95.75 157.5
103.25 161.25
109.25 159.5
121.75 161.5
135.5 166.0
93.25 163.75
100.5 165.25
108.75 166.5
123.0 167.25
93.0 164.5
100.5 166.5
108.5 167.75
119.5 168.25
89.25 167.5
96.0 172.0
103.25 175.5
112.0 174.25
123.75 172.0
