47.5 42.5 175.0 175.0
86.0 78.75
97.75 73.75
115.25 74.5
129.0 78.75
153.0 74.0
160.5 72.0
171.25 68.5
179.75 72.0
181.5 76.0
144.0 92.25
147.5 101.75
153.75 115.5
158.5 130.5
129.0 140.25
143.5 141.5
152.75 141.5
158.0 140.0
165.75 135.25
86.5 99.75
97.0 89.75
112.0 89.0
123.5 97.5
109.0 103.25
95.75 104.0
155.25 95.25
161.5 85.5
175.5 83.25
177.25 88.75
173.75 96.0
164.25 96.75
120.25 167.75
131.5 164.5
145.25 161.25
153.5 162.75
158.75 159.25
165.75 158.0
170.0 159.0
137.25 168.5
147.5 167.75
155.5 166.25
163.5 163.5
137.25 169.5
147.75 168.75
155.5 167.75
162.25 165.0
132.75 173.75
144.5 175.5
152.75 176.5
159.75 172.75
165.25 167.5
