31.5 45.0 170.5 170.5
64.25 79.75
69.5 74.25
80.25 74.0
91.5 76.75
114.5 70.75
124.0 68.25
139.5 63.75
156.0 67.0
167.0 71.5
105.25 89.25
104.5 98.5
102.0 111.75
100.5 126.5
92.5 136.75
101.5 138.25
108.0 138.75
116.25 137.75
129.5 134.0
69.25 98.75
71.25 89.0
82.25 87.75
93.75 95.5
80.25 101.0
72.0 102.0
125.25 92.75
131.25 82.25
149.0 79.25
158.0 85.25
146.75 93.0
134.25 94.0
91.25 163.5
95.25 160.75
103.0 158.5
110.75 161.0
116.75 158.0
129.5 158.25
143.75 161.25
101.5 165.75
108.75 165.75
117.25 165.5
131.5 164.25
101.25 166.75
109.0 167.0
117.25 166.75
128.25 165.75
98.0 170.25
105.5 173.25
113.25 175.5
121.75 173.0
133.25 169.0
