43.5 41.0 168.5 168.5
72.75 79.0
81.75 72.75
97.25 72.25
111.0 75.25
135.75 69.0
144.5 66.5
157.75 62.5
170.25 66.0
176.0 70.75
127.0 87.75
129.25 96.5
132.75 109.25
136.0 124.0
114.25 136.5
127.25 137.0
136.0 136.75
143.0 135.5
153.75 131.0
76.25 99.25
82.75 88.5
96.75 87.0
109.5 94.75
94.75 100.75
83.0 102.5
142.75 91.0
149.0 80.75
165.0 77.75
170.25 83.75
163.75 91.0
152.5 92.0
109.25 165.0
118.0 161.25
130.0 157.5
139.0 159.0
144.75 155.5
154.75 154.75
163.75 157.0
124.75 165.5
134.5 164.5
143.25 163.25
154.5 161.0
124.5 166.5
134.75 165.75
143.25 164.5
152.25 162.5
120.5 170.75
131.5 172.5
140.25 173.75
148.25 170.0
156.5 165.25
