41.0 29.5 185.0 185.0
80.0 64.5
89.25 60.25
103.25 62.75
115.25 68.5
140.5 68.25
150.0 68.25
164.5 68.25
176.75 75.25
182.75 82.25
127.25 84.0
126.5 92.5
125.25 104.5
123.5 118.5
102.75 128.0
114.5 131.25
122.5 132.75
130.0 133.75
142.5 132.75
78.75 85.0
86.5 75.5
100.0 77.0
110.0 87.5
94.5 89.75
83.5 88.75
143.25 92.25
151.5 83.75
168.5 85.0
173.25 93.0
164.0 97.5
152.25 95.5
91.75 155.25
100.0 153.0
111.5 151.75
119.75 155.5
126.5 153.75
137.25 156.5
147.0 162.25
105.25 159.0
114.75 160.25
123.75 161.5
136.25 163.0
105.0 160.0
114.75 161.5
123.25 163.0
133.25 163.75
100.0 163.25
109.5 167.25
117.75 170.75
126.75 169.75
137.0 168.0
