46.0 31.5 176.0 176.0
91.75 59.5
103.5 55.25
119.75 57.75
132.25 63.5
156.0 64.75
163.75 65.25
174.75 66.25
183.0 74.0
184.75 81.75
144.75 79.0
146.75 86.25
150.5 96.5
153.0 109.25
122.75 122.0
136.75 124.5
146.25 125.25
152.0 126.5
161.0 126.25
88.5 81.0
100.0 70.5
114.5 72.25
124.5 83.0
109.25 84.75
96.5 84.0
156.0 88.25
163.25 80.5
177.25 82.5
179.0 90.75
174.25 94.0
164.5 91.75
109.25 151.75
121.25 147.75
135.5 145.0
144.0 148.25
150.0 146.25
158.0 149.5
162.75 156.5
126.5 153.75
137.25 154.0
145.75 155.0
155.0 156.75
126.25 154.75
137.5 155.25
145.75 156.25
153.25 157.25
120.75 158.5
132.75 161.5
141.25 164.5
149.25 163.0
156.25 161.5
