53.0 32.0 175.5 175.5
87.25 64.5
98.5 58.5
115.25 58.75
128.5 63.0
151.5 60.75
158.75 60.5
169.0 60.0
177.5 66.5
179.5 73.75
143.25 76.25
146.75 83.25
153.0 92.75
158.0 104.75
128.5 122.0
143.25 122.25
152.75 121.75
158.0 122.25
166.0 120.5
86.75 86.25
97.5 74.25
112.0 74.0
123.25 83.25
108.75 87.25
95.75 88.25
154.25 84.0
160.25 75.5
173.75 75.5
176.0 83.5
172.75 87.0
163.25 86.25
119.25 153.5
131.0 147.5
145.25 142.75
154.0 144.75
159.25 141.75
167.0 143.75
171.5 150.0
137.25 152.75
148.0 151.5
156.25 151.0
164.75 151.5
137.0 154.0
148.25 152.75
156.25 152.25
163.25 152.25
132.5 158.5
144.75 159.5
153.5 161.0
161.0 158.5
166.75 156.0
