47.5 36.0 167.5 167.5
78.0 71.5
89.25 65.25
107.0 66.25
119.75 69.5
146.5 66.75
155.0 66.5
169.0 65.25
180.25 73.25
181.75 79.0
133.75 79.5
134.75 88.25
136.5 102.75
138.5 118.5
114.25 127.0
127.25 129.75
135.0 130.0
141.5 129.5
151.25 125.5
84.75 89.75
91.75 79.5
104.0 78.5
112.5 85.5
101.5 91.25
91.25 92.5
148.5 87.0
155.0 80.25
169.0 81.0
171.75 88.25
165.5 92.5
156.25 91.25
111.0 161.5
118.5 153.5
129.5 148.5
137.25 150.25
142.25 147.5
150.75 150.0
158.5 158.25
124.25 157.25
132.25 155.5
140.25 155.0
149.75 156.5
124.25 158.25
132.5 156.5
140.0 156.0
147.5 156.5
120.5 162.5
129.0 163.0
137.0 163.25
144.25 161.75
151.25 160.5
