38.0 40.0 164.5 164.5
72.5 82.0
82.5 75.0
100.5 74.75
113.5 76.5
140.25 69.75
148.75 68.0
163.0 64.0
175.5 69.25
177.75 74.0
129.0 84.75
130.75 93.75
134.25 109.0
137.75 125.25
115.25 133.75
128.5 135.25
136.25 135.25
142.5 133.25
151.75 127.5
81.75 99.0
87.25 88.5
99.0 86.0
108.5 91.5
98.25 99.0
88.5 101.25
144.75 88.0
150.5 80.25
164.75 79.25
168.5 85.25
162.5 91.0
153.0 91.25
116.5 167.5
122.75 159.5
132.75 154.0
140.75 154.75
145.25 151.25
154.0 152.0
162.75 158.0
129.0 162.25
136.5 159.75
144.0 158.25
153.75 158.0
129.0 163.25
136.75 160.75
144.25 159.25
151.5 158.5
125.75 167.75
134.0 167.75
142.0 167.0
148.75 164.5
155.75 161.75
