39.5 23.5 166.5 166.5
68.0 69.75
74.75 62.0
87.25 60.25
97.5 61.75
122.75 56.75
132.25 56.25
149.5 55.0
166.75 63.75
172.75 71.25
109.5 69.5
108.25 76.75
106.0 88.75
103.75 102.25
92.75 116.75
102.0 117.75
107.75 117.0
116.0 117.5
129.0 114.75
75.0 86.5
78.5 75.5
89.0 73.75
97.25 79.75
87.0 85.75
78.75 87.75
132.25 79.25
138.25 71.75
153.25 71.75
159.5 80.0
150.0 83.5
139.5 82.5
88.75 150.75
93.0 141.25
101.0 135.25
108.25 137.0
113.75 134.25
124.75 138.0
137.0 148.75
99.0 145.5
105.5 143.25
113.75 143.0
125.75 146.0
98.75 146.5
105.75 144.25
113.5 144.0
122.75 145.5
95.5 151.0
101.75 150.75
109.25 151.0
117.25 150.0
126.75 149.75
