61.5 34.0 159.5 159.5
96.25 55.25
109.5 50.25
127.5 53.75
139.0 58.75
163.0 62.0
169.75 64.25
180.0 67.5
186.25 79.25
185.0 86.5
151.25 70.25
152.25 77.25
154.75 88.75
157.25 102.0
126.5 112.25
140.25 115.75
148.75 116.5
153.5 118.25
161.0 118.0
98.75 75.0
108.5 65.25
120.0 66.75
126.75 75.5
116.0 78.5
105.75 77.75
158.5 84.5
165.25 79.25
177.0 83.25
177.0 91.5
172.75 93.0
165.25 89.5
119.25 146.5
129.25 137.75
141.75 133.25
149.25 136.25
154.0 134.5
160.25 139.75
164.5 151.5
134.25 143.0
142.5 141.75
150.0 142.75
157.5 147.25
134.0 144.0
142.75 143.0
150.0 143.75
155.75 146.5
129.75 148.0
139.0 148.75
146.75 150.0
153.25 150.25
158.75 151.25
