54.5 29.0 164.0 164.0
84.25 61.5
96.25 54.75
114.25 55.25
126.5 58.5
151.75 57.75
159.25 58.5
171.25 60.0
180.75 70.5
181.25 78.0
140.0 68.0
141.5 75.0
144.5 86.5
147.5 99.75
120.5 113.75
134.0 115.25
142.5 115.0
148.0 116.0
156.5 114.25
89.75 80.25
97.75 69.5
109.5 69.25
117.5 76.5
107.0 81.25
96.75 82.25
151.75 80.5
157.75 74.25
171.0 76.25
173.0 84.5
167.75 86.75
159.25 84.5
117.0 148.75
125.5 139.0
137.0 133.0
145.0 134.75
149.75 132.5
157.75 136.75
164.5 147.5
131.25 143.5
139.5 141.25
147.25 141.0
156.25 144.5
131.0 144.25
139.5 142.25
147.25 142.25
154.25 144.0
127.25 148.75
136.5 148.75
144.5 149.0
151.5 148.25
157.75 148.25
