34.5 35.5 176.5 176.5
74.25 75.25
85.75 69.75
106.5 72.0
120.0 75.5
150.0 72.5
158.75 73.0
175.5 71.25
188.25 77.5
192.5 81.5
136.0 85.25
137.5 95.25
140.75 110.5
143.5 128.0
113.75 134.75
129.25 138.0
139.0 139.5
145.5 137.5
157.0 133.5
78.5 92.75
88.5 84.25
102.5 83.75
111.25 91.0
99.25 96.0
87.25 96.25
151.25 93.0
158.25 85.75
173.75 86.0
177.5 92.0
168.75 97.0
159.0 96.25
109.5 165.75
117.5 159.5
129.5 156.25
139.5 157.75
146.25 155.0
155.5 156.25
162.5 162.5
124.0 163.5
133.75 162.75
144.25 162.0
154.25 162.25
124.0 164.5
134.0 163.75
144.25 163.0
152.25 162.75
119.5 168.5
129.75 169.5
139.75 170.25
149.5 167.75
156.0 166.0
