19.5 37.0 180.5 180.5
64.0 71.5
71.25 68.0
86.25 73.0
98.0 78.25
127.0 79.5
136.25 81.25
157.0 81.75
175.5 89.75
187.0 94.25
111.5 90.25
109.0 100.5
104.75 116.5
99.75 134.5
86.5 133.5
97.25 140.0
104.0 143.75
112.75 143.0
127.5 141.75
71.0 87.5
76.0 81.5
88.25 83.0
97.0 91.0
85.5 94.0
76.25 92.0
135.25 99.5
142.25 93.5
158.75 96.5
166.25 103.0
153.25 107.0
142.5 104.25
80.5 160.75
84.75 157.25
93.25 157.25
101.75 161.25
109.0 160.25
120.25 163.75
131.0 171.5
90.5 162.5
97.75 164.25
107.75 166.25
120.5 169.0
90.0 163.5
97.75 165.25
107.5 167.25
117.5 169.0
86.25 165.75
92.5 169.75
101.0 173.0
111.75 173.25
121.25 173.25
