16.5 34.0 190.5 190.5
62.5 71.75
69.0 68.0
83.25 72.25
94.5 77.0
122.75 77.5
132.0 79.0
152.75 79.0
171.75 87.0
184.5 91.75
108.0 88.5
105.25 98.75
100.75 114.5
95.5 132.0
84.5 132.5
94.75 138.5
101.0 142.0
110.0 141.5
124.75 140.0
70.0 87.75
74.25 81.25
86.25 82.5
95.0 90.25
83.75 93.5
75.0 92.0
132.5 98.0
139.25 91.75
155.5 94.25
163.5 100.75
150.5 105.0
139.75 102.5
79.25 160.0
82.75 156.25
90.75 155.75
99.0 159.75
106.25 158.5
117.75 162.25
129.0 170.25
88.5 161.5
95.5 163.0
105.25 164.75
118.25 167.75
88.25 162.25
95.25 164.0
105.0 165.75
115.0 167.75
84.5 164.75
90.5 168.5
98.75 171.75
109.25 172.0
119.0 172.0
