50.0 40.5 167.5 167.5
62.0 85.75
70.75 79.5
89.75 79.25
103.5 80.75
133.5 73.5
142.75 72.5
161.25 68.0
178.0 71.5
186.0 74.0
120.75 88.25
122.5 98.5
125.5 114.0
128.25 131.75
105.75 139.25
120.25 141.25
129.25 142.0
136.75 139.0
149.25 133.5
70.75 101.0
77.0 92.25
90.5 90.0
100.75 95.5
89.5 102.25
78.5 103.5
141.25 92.5
147.25 84.5
163.5 82.5
170.25 87.25
160.5 94.25
149.75 94.75
106.0 169.5
111.5 163.25
122.0 159.25
132.0 160.0
138.75 156.5
149.5 156.75
159.5 161.5
118.75 166.5
127.75 165.0
138.25 163.5
150.0 162.25
118.75 167.5
128.0 166.25
138.25 164.5
147.5 163.25
115.0 171.5
124.25 172.25
134.0 172.25
144.25 168.75
152.0 166.25
