48.0 28.5 165.5 165.5
96.25 62.0
110.5 53.75
124.5 52.25
137.5 60.5
160.0 63.5
167.75 63.25
176.75 67.0
183.5 80.5
183.5 88.0
147.5 80.0
150.0 87.75
155.25 100.25
158.5 114.0
125.0 125.5
139.0 129.75
148.75 131.0
154.0 132.0
161.75 129.5
97.25 81.0
107.25 70.75
120.0 71.75
127.0 82.25
115.0 85.0
104.0 84.0
157.5 90.0
163.75 82.75
176.0 86.25
177.0 95.0
172.5 97.5
164.25 94.5
116.25 156.0
125.75 152.0
138.0 150.25
145.25 153.5
149.75 151.5
156.5 154.0
160.5 160.25
130.25 157.25
138.75 157.75
146.0 158.5
153.5 160.25
130.0 158.0
138.75 158.75
145.75 159.5
152.0 160.5
125.5 161.25
135.25 163.75
142.0 166.0
148.75 165.25
154.25 164.0
