64.0 42.5 156.5 156.5
85.25 77.5
96.75 66.25
110.75 61.25
125.5 66.25
148.5 62.25
155.75 59.25
165.5 59.25
174.75 69.25
176.25 75.25
140.5 83.25
145.0 91.5
153.75 105.0
160.5 119.5
130.0 134.5
145.0 136.0
154.75 135.0
159.5 133.5
166.0 127.5
91.0 95.75
98.25 83.5
111.0 81.0
120.5 89.25
109.5 95.75
98.75 97.5
152.0 87.5
156.25 78.5
169.0 78.0
171.75 85.25
168.25 90.25
159.75 90.25
129.5 164.75
137.5 159.75
148.75 155.5
156.25 156.75
160.25 153.5
167.0 153.0
171.75 155.75
142.75 163.0
151.0 161.5
158.0 160.0
165.25 158.5
142.75 163.75
151.5 162.5
158.25 161.0
164.0 159.5
139.25 168.0
149.25 168.25
156.25 168.5
162.25 165.5
167.0 162.0
