30.0 30.0 161.5 161.5
66.5 77.75
71.0 67.5
79.0 61.25
89.0 62.0
113.0 54.0
124.0 50.0
139.25 48.75
155.0 58.25
164.75 65.75
101.5 72.0
99.25 77.75
94.75 86.75
91.5 99.5
88.0 119.0
95.25 118.75
100.25 117.5
109.25 117.0
122.75 112.75
71.25 93.25
73.25 80.75
82.75 77.25
91.5 83.5
80.25 90.0
73.25 93.0
123.25 78.75
129.25 69.25
145.5 67.25
154.25 75.75
143.25 79.75
131.5 80.25
85.25 151.25
87.75 143.25
94.0 137.0
101.75 138.25
108.0 134.75
121.0 137.0
135.5 145.5
92.5 148.25
99.0 145.75
108.25 144.75
123.5 145.75
92.25 149.25
99.0 147.0
108.0 146.25
119.75 146.25
89.0 154.0
94.5 154.0
102.5 154.5
112.25 152.25
124.75 150.5
