44.5 31.0 164.5 164.5
82.5 61.75
92.25 54.0
105.0 52.25
116.5 57.75
144.0 59.25
155.25 59.25
168.75 62.75
178.75 76.25
183.25 85.25
128.0 73.5
126.25 79.5
122.75 89.25
119.0 102.5
100.25 115.25
110.5 118.75
117.75 120.0
125.75 121.75
138.25 120.75
82.5 79.0
90.5 68.5
102.5 69.0
110.25 78.75
96.5 81.0
86.75 80.75
144.5 86.0
152.75 78.75
168.25 82.25
172.25 92.0
163.25 93.75
152.25 90.25
88.25 146.0
95.25 140.0
105.75 137.0
114.0 141.0
121.25 139.5
132.0 144.75
141.0 155.25
99.25 146.5
108.25 147.0
118.0 148.75
131.0 153.25
99.0 147.5
108.0 148.25
117.75 150.25
128.0 153.0
94.0 151.25
102.25 154.0
111.0 157.5
121.0 157.75
131.5 158.25
