44.5 29.0 182.0 182.0
96.25 67.5
109.75 61.0
126.5 61.75
139.75 69.25
165.75 71.5
174.5 71.0
183.0 73.0
187.75 84.5
187.25 90.75
152.5 86.75
153.75 94.75
156.5 107.75
158.0 123.75
125.25 129.0
139.25 134.25
148.0 136.25
153.0 136.25
160.5 132.75
95.75 86.0
107.5 76.5
121.25 78.0
129.25 88.5
115.5 91.0
103.5 89.75
161.25 96.0
168.25 88.25
180.5 91.25
180.5 98.75
176.5 102.75
168.25 100.25
113.5 160.0
123.5 155.25
136.75 153.25
145.25 156.75
151.25 154.5
158.0 157.0
161.0 163.5
128.25 161.5
138.5 162.0
147.25 162.75
155.25 164.0
128.0 162.5
138.75 163.5
147.25 164.25
154.0 164.75
123.0 166.25
134.75 170.0
143.5 172.5
151.25 171.5
156.75 169.0
