55.0 29.0 161.5 161.5
72.0 76.5
80.0 65.5
93.25 59.25
107.0 60.25
133.25 53.25
143.0 50.0
155.0 49.75
167.25 59.5
172.5 66.75
124.5 71.0
126.25 76.5
129.25 85.5
133.0 98.0
113.0 119.25
126.0 118.25
134.0 116.5
141.25 115.75
150.5 111.5
78.0 93.0
83.25 79.75
95.75 76.0
106.75 82.5
94.5 89.5
84.0 92.75
141.5 78.25
146.0 69.0
160.75 67.75
166.25 75.75
160.5 79.5
150.25 79.75
112.5 153.0
118.5 144.0
129.0 136.75
138.75 137.25
144.5 133.5
155.0 135.0
165.0 142.5
125.25 148.5
134.75 145.25
144.5 143.5
156.25 143.5
125.25 149.75
135.25 146.5
144.75 144.75
154.25 144.25
121.75 155.0
132.5 154.0
142.25 153.5
151.25 150.5
159.25 147.75
