30.0 28.0 173.0 173.0
79.5 64.0
88.75 59.5
104.75 62.25
116.5 66.5
144.25 65.75
153.0 67.5
168.75 67.5
180.25 74.25
185.5 83.25
129.75 75.25
129.75 82.75
130.0 95.5
128.75 110.25
105.25 120.75
117.25 124.5
126.25 125.75
133.25 126.25
144.25 124.0
81.25 83.25
89.5 73.25
102.5 74.0
111.0 82.0
98.25 86.25
87.5 86.0
144.75 86.75
152.0 80.25
167.75 82.25
171.75 90.75
162.5 93.75
151.75 91.25
90.75 151.75
99.5 146.5
112.5 144.0
121.75 147.5
128.5 145.5
140.5 148.5
150.25 156.75
106.0 151.5
116.25 151.75
126.25 152.75
139.25 155.0
105.75 152.25
116.25 153.0
126.0 153.75
136.25 155.0
100.75 155.5
111.5 158.25
120.5 160.25
130.25 159.75
140.25 159.0
