34.0 30.5 166.0 166.0
66.25 72.25
72.25 65.75
84.75 64.5
95.5 66.0
121.25 59.5
130.5 59.5
147.5 56.5
162.5 61.0
173.25 69.75
108.25 71.5
107.5 78.0
105.75 89.25
103.25 102.75
92.5 119.75
101.5 120.5
108.75 119.75
117.0 119.75
130.25 116.25
72.5 90.0
76.25 78.5
87.75 76.75
97.25 82.75
86.0 89.0
76.75 91.0
129.75 80.75
135.5 72.75
151.25 71.75
158.75 79.75
148.25 84.25
137.0 83.75
84.75 152.25
89.5 145.25
99.0 140.0
107.75 142.25
114.0 139.25
128.25 141.0
142.75 148.75
96.0 149.25
104.5 147.75
114.25 147.0
129.5 148.25
96.0 150.0
104.5 148.75
114.25 148.25
125.75 148.25
92.25 154.0
100.5 154.5
108.75 155.0
118.75 153.5
130.75 152.0
