35.0 28.0 166.5 166.5
75.0 61.75
82.25 56.25
95.0 57.25
105.25 60.5
131.75 58.75
141.0 60.25
158.25 60.75
171.75 68.0
180.5 78.75
117.0 68.0
115.25 74.25
111.75 84.5
107.0 97.0
92.5 112.5
101.75 114.5
109.0 115.0
117.25 116.5
130.75 115.75
77.75 80.25
83.75 69.75
95.5 70.0
103.75 77.5
91.5 81.75
82.0 82.0
136.0 81.5
143.25 74.75
159.0 76.5
164.75 85.75
153.75 88.0
142.75 85.5
78.75 143.5
85.0 137.0
95.5 133.5
104.0 137.0
110.75 135.25
124.25 139.5
137.25 150.25
91.0 142.0
99.75 142.0
109.5 143.25
124.25 147.0
90.75 143.0
99.5 143.0
109.25 144.25
120.5 146.5
86.25 146.25
94.5 148.0
102.5 150.0
113.0 150.25
124.75 151.0
