39.0 37.5 153.5 153.5
67.0 75.5
74.0 69.5
88.5 69.25
100.0 71.25
127.0 65.0
136.25 64.75
153.0 61.5
167.25 65.25
176.25 72.75
114.25 77.5
114.5 85.25
114.75 98.25
114.5 113.5
99.0 126.25
109.75 128.25
118.0 128.25
125.5 127.25
137.75 122.5
73.5 93.25
78.0 82.25
90.5 80.75
100.25 86.75
88.75 93.25
78.75 95.0
134.0 85.0
139.75 77.0
156.0 76.0
162.75 83.5
153.0 88.5
141.75 88.0
91.5 158.5
97.5 152.25
108.25 148.25
117.5 150.25
123.75 147.25
137.25 148.0
150.25 154.0
104.5 156.25
113.75 155.0
123.75 154.5
138.0 154.25
104.5 157.0
114.0 156.25
123.5 155.5
134.5 155.0
100.5 161.0
110.0 162.25
118.75 162.75
128.5 160.75
139.5 158.0
