44.5 21.5 168.5 168.5
85.25 64.0
96.0 57.75
114.25 58.0
126.75 61.0
152.0 58.25
159.5 59.25
171.25 59.0
179.75 65.25
181.75 74.5
141.5 68.0
145.0 74.0
151.75 84.0
157.25 96.5
125.5 115.0
140.75 115.25
151.0 114.5
155.5 115.25
161.75 113.0
87.5 84.0
97.0 72.0
110.0 71.5
118.75 78.75
107.75 84.0
96.0 85.25
150.5 80.0
156.5 73.0
170.5 73.75
173.25 82.0
167.75 85.0
158.0 83.5
114.75 149.25
125.75 140.75
140.5 135.0
150.25 136.75
156.0 134.0
165.25 136.0
171.25 144.5
133.0 144.75
144.25 142.75
153.75 142.0
163.5 143.5
133.0 145.75
144.75 143.75
153.75 143.0
161.75 143.5
128.25 150.0
141.75 149.75
151.0 149.75
159.25 148.0
165.5 147.0
