43.5 25.5 172.0 172.0
87.25 58.25
97.75 53.75
114.25 57.0
126.0 62.0
153.0 63.25
161.25 65.75
175.25 67.5
185.0 75.25
188.0 85.25
139.0 71.25
139.75 78.0
141.25 89.25
141.25 102.5
112.5 114.75
125.75 118.0
135.25 119.5
141.25 121.0
151.0 120.0
87.0 77.75
97.0 67.75
110.0 69.5
117.75 78.0
105.0 81.25
93.75 80.5
150.5 85.0
158.0 79.0
172.75 82.25
175.5 91.25
167.25 93.0
157.25 89.75
95.5 145.75
106.0 140.0
120.25 137.25
129.75 141.25
136.5 139.5
147.25 143.75
154.75 153.5
112.25 145.25
123.25 145.75
133.25 147.0
145.0 150.75
112.0 146.25
123.25 146.75
133.0 148.25
142.5 150.25
106.75 149.5
118.5 152.0
127.75 154.0
137.25 154.25
146.0 154.75
