43.0 36.5 171.0 171.0
76.0 68.75
84.5 65.25
99.5 69.75
111.0 75.0
139.25 75.25
148.5 77.0
165.5 76.5
178.25 82.25
185.0 89.5
123.75 85.0
122.75 93.75
120.75 109.0
117.5 125.75
98.5 128.75
109.25 134.5
117.25 137.25
124.75 137.0
137.25 133.5
78.75 86.75
86.0 78.25
98.75 79.5
107.5 87.5
94.5 91.5
84.25 90.5
141.0 93.5
148.75 87.5
164.75 90.25
169.5 98.0
159.0 101.75
148.0 98.75
85.0 156.75
92.25 153.75
103.75 153.5
112.5 157.75
119.0 156.0
131.5 158.5
142.25 164.75
98.25 159.0
107.5 160.5
117.25 162.0
130.75 163.75
98.0 159.75
107.5 161.75
117.0 163.0
127.5 164.0
93.5 162.25
102.75 166.75
111.0 169.25
120.75 169.0
131.5 167.75
