33.5 29.0 165.0 165.0
67.75 66.75
74.0 58.5
85.75 54.75
97.5 58.25
121.25 53.75
130.5 50.25
147.0 49.0
162.25 56.5
172.5 66.25
110.25 73.5
109.0 80.5
106.0 90.5
103.0 103.75
90.0 120.75
100.75 121.0
108.25 120.25
118.0 120.0
133.0 117.5
73.25 86.0
77.25 74.75
88.75 73.0
98.0 81.5
86.0 86.0
77.0 87.25
130.0 80.0
136.25 70.0
152.5 68.5
160.5 76.5
150.25 81.25
138.75 81.5
88.25 148.5
93.25 141.75
100.25 137.25
109.0 139.0
116.0 136.25
126.25 138.75
138.75 147.0
98.5 145.75
105.5 144.0
115.0 143.5
127.5 146.0
98.25 146.5
105.5 144.75
114.75 144.5
124.25 145.75
94.5 150.5
101.25 149.75
109.75 150.5
119.25 149.25
128.75 149.5
