31.0 42.5 167.0 167.0
75.5 66.25
84.5 61.75
98.75 63.5
111.25 71.75
137.5 73.5
147.75 71.5
164.5 72.25
177.5 80.25
184.5 87.75
122.5 91.5
120.75 101.0
117.25 115.25
113.5 132.5
94.75 134.0
106.5 139.5
114.5 142.5
123.75 142.25
138.0 140.5
78.5 86.25
85.5 78.75
98.5 80.75
107.0 91.5
93.5 93.25
83.5 91.25
140.25 98.0
148.75 89.5
165.5 91.0
170.5 97.5
160.25 103.5
149.0 101.75
89.25 159.5
96.0 156.75
104.25 156.5
112.75 160.5
119.75 159.0
128.75 161.5
138.25 168.0
100.75 161.5
108.25 162.75
117.5 164.0
128.25 166.5
100.5 162.25
108.25 163.75
117.25 165.0
125.5 166.5
96.0 164.75
103.5 167.75
111.75 170.5
120.75 170.5
129.25 170.5
