29.5 27.0 172.5 172.5
83.25 54.0
93.0 48.0
107.25 48.25
119.0 55.5
144.0 57.75
153.75 57.0
169.0 60.0
180.25 70.75
185.75 81.75
128.5 74.25
127.0 81.5
124.0 91.5
120.25 104.75
97.75 116.0
110.25 119.5
118.75 121.0
127.75 122.75
142.0 123.25
83.75 74.75
92.25 65.25
104.75 67.0
112.25 77.75
99.0 79.0
88.75 77.75
144.5 85.25
153.0 77.25
169.0 79.75
173.25 89.0
163.75 91.5
153.25 89.0
89.75 143.25
97.75 138.25
107.25 135.75
116.0 139.75
123.25 138.5
132.25 143.25
141.0 153.25
102.5 143.5
110.5 143.5
120.25 145.25
131.0 150.0
102.0 144.0
110.5 144.25
120.0 146.0
128.25 149.25
97.0 147.0
105.25 148.25
114.0 151.0
123.5 151.75
132.0 154.0
