42.0 42.5 175.5 175.5
79.5 77.25
90.5 70.25
108.0 68.75
122.75 74.0
147.75 69.75
156.5 65.75
169.25 63.0
179.0 68.25
182.25 74.0
137.25 90.5
139.5 100.0
143.25 114.0
147.25 131.5
118.75 139.75
134.0 141.25
143.75 141.5
150.75 139.0
161.0 133.5
84.5 97.0
93.75 87.5
107.75 86.25
117.75 95.0
105.0 100.0
93.25 100.75
150.5 93.0
156.75 83.0
171.0 80.75
174.0 86.0
169.0 93.5
159.5 94.5
118.75 166.5
126.75 161.5
137.0 158.25
146.5 159.25
152.25 155.75
159.25 155.75
166.25 159.25
132.5 164.5
141.0 163.0
150.0 161.5
158.5 160.75
132.5 165.25
141.5 164.0
150.0 162.5
156.5 161.5
128.5 169.25
138.25 169.25
147.0 169.25
154.75 166.5
160.5 164.0
