41.0 47.0 171.0 171.0
72.5 80.5
82.25 74.25
98.75 72.75
113.5 78.0
139.5 73.5
148.75 69.25
163.5 65.75
175.5 70.25
181.0 75.25
128.75 94.5
130.25 104.25
132.5 119.25
134.75 137.0
110.5 142.75
125.0 145.0
134.25 145.75
142.25 143.0
154.0 137.25
79.0 99.5
86.5 90.75
100.25 89.5
111.0 98.0
98.0 103.25
86.5 103.75
144.75 96.0
151.25 86.0
166.75 83.25
171.25 88.0
164.5 96.25
154.0 97.5
111.0 168.75
118.0 164.5
127.5 162.0
136.75 163.25
143.0 160.0
151.25 159.75
159.75 162.75
123.75 167.5
132.0 166.5
141.25 165.25
151.0 164.25
123.75 168.25
132.25 167.5
141.25 166.25
148.75 165.25
120.0 172.0
128.75 172.75
137.75 173.0
146.0 170.25
152.75 167.75
