46.5 43.0 172.5 172.5
87.5 65.75
99.5 61.5
116.5 64.0
129.5 72.75
155.25 74.75
164.5 73.0
178.25 73.75
187.0 81.5
189.25 88.5
139.75 92.5
139.5 102.0
139.5 116.25
138.75 133.75
110.25 135.75
124.5 141.0
133.75 143.5
141.5 143.0
153.25 140.25
88.0 86.5
98.5 79.25
112.5 81.25
120.5 92.25
106.75 94.25
95.0 92.0
153.0 98.5
161.5 90.25
176.25 91.75
178.25 97.75
171.0 103.75
161.5 102.25
103.75 162.0
112.75 159.0
123.25 158.0
132.0 161.5
138.75 159.75
146.0 161.5
152.25 167.0
117.5 163.25
126.25 164.0
135.25 164.75
144.0 166.25
117.25 164.25
126.25 165.0
135.0 165.75
142.0 166.5
112.5 167.0
121.75 169.25
130.25 171.5
138.75 170.75
145.25 170.25
