40.0 37.0 168.5 168.5
62.5 76.25
68.25 68.75
80.25 65.25
93.25 68.75
117.25 62.5
126.5 58.0
143.25 54.75
159.25 59.75
170.25 67.0
108.25 84.0
108.25 92.5
107.0 105.25
106.0 121.5
93.5 133.25
104.75 134.25
112.25 134.0
121.75 132.25
136.0 127.5
70.75 95.0
73.75 84.75
85.5 82.75
96.0 90.5
84.5 96.0
75.25 97.5
128.5 87.25
134.0 76.5
150.5 73.5
159.0 79.5
149.25 87.0
138.0 88.25
95.0 160.5
99.5 154.75
106.5 151.25
115.25 152.75
121.75 149.5
132.25 150.25
144.5 155.75
105.5 158.25
112.25 157.0
121.5 155.75
133.75 156.25
105.25 159.25
112.5 157.75
121.5 156.75
130.75 156.75
101.75 163.0
108.75 163.0
117.25 163.5
126.25 161.25
135.5 160.0
