64.5 45.5 155.0 155.0
82.0 77.25
93.5 70.25
111.25 68.5
126.0 73.75
150.5 69.5
158.75 65.5
170.75 62.75
179.75 67.75
182.0 73.5
140.0 90.25
142.75 99.5
147.25 113.5
151.75 130.75
122.25 139.75
137.75 141.0
147.5 141.0
154.0 138.25
163.5 132.5
86.75 97.5
96.25 87.75
110.5 86.25
120.25 94.75
107.75 100.25
95.75 101.0
152.5 92.75
158.5 82.5
172.25 80.25
174.75 85.5
170.25 93.0
161.25 94.0
122.25 166.5
130.5 161.25
141.0 157.75
150.25 158.75
155.75 155.0
162.5 154.75
168.75 158.25
136.25 164.25
144.75 162.5
153.5 160.75
161.25 159.75
136.25 165.0
145.25 163.5
153.5 161.75
159.75 160.75
132.25 169.0
142.0 168.75
150.75 168.5
158.25 165.5
163.5 163.25
