26.0 25.0 170.0 170.0
73.25 65.5
80.0 59.0
91.5 59.0
100.0 61.0
122.25 58.0
129.75 58.75
148.0 59.5
163.5 69.0
173.5 78.25
109.25 70.5
105.75 78.25
100.0 89.75
93.5 103.0
86.75 116.75
94.0 118.0
98.25 118.25
106.25 119.25
119.75 119.25
76.5 81.5
81.5 71.75
91.75 71.5
98.5 79.25
87.75 82.75
80.0 83.25
129.25 82.5
136.0 75.0
150.75 76.25
157.75 85.25
146.5 87.75
136.0 85.75
76.0 147.5
80.5 141.5
87.75 137.75
94.25 140.75
100.0 138.75
110.0 143.5
122.0 154.0
85.0 147.25
91.0 147.0
98.75 148.25
111.0 151.75
84.5 148.0
90.75 148.25
98.25 149.5
107.75 151.5
80.25 151.5
85.25 154.5
91.75 156.75
100.5 156.75
111.25 156.25
