25.5 28.0 168.5 168.5
73.5 65.5
80.5 58.5
93.0 57.75
102.0 59.5
124.5 55.75
131.75 56.5
149.75 57.25
165.0 66.5
174.5 75.75
111.75 68.25
108.75 75.75
104.0 86.75
98.5 99.5
89.5 115.0
98.0 115.5
102.75 115.25
110.5 116.25
123.75 116.25
76.75 81.5
82.0 71.25
92.75 70.5
99.75 78.25
89.0 82.0
80.75 82.75
131.25 80.5
137.75 72.75
152.75 73.75
159.5 82.75
148.75 85.25
138.0 83.5
79.5 146.25
84.75 139.75
92.5 135.25
99.25 138.0
105.25 135.75
115.5 140.5
127.25 150.75
89.25 145.25
95.75 144.75
104.0 145.5
116.25 148.75
88.75 146.25
95.5 145.75
103.5 146.75
113.0 148.5
84.5 150.0
90.25 152.25
97.25 154.25
106.25 154.0
116.75 153.25
