34.0 32.5 164.5 164.5
80.25 61.75
89.75 56.25
104.75 58.25
114.75 61.75
139.0 61.25
146.25 62.75
163.25 65.0
176.25 75.5
182.5 84.75
125.5 72.75
123.0 80.75
119.25 93.0
114.75 106.75
98.5 118.0
108.75 120.25
115.0 121.25
122.0 122.5
134.25 122.75
82.25 78.75
90.0 69.5
101.75 70.5
108.75 79.25
97.0 81.75
87.25 81.25
141.25 85.75
148.75 78.75
163.75 81.75
168.5 90.5
158.75 92.5
148.25 89.75
86.5 149.25
93.75 143.75
103.25 140.5
110.5 144.25
116.75 142.5
126.25 147.5
135.75 157.5
98.25 149.75
105.75 150.0
114.25 151.5
125.5 155.25
97.75 150.75
105.75 151.25
114.0 153.0
122.75 155.0
93.0 154.0
100.5 157.5
108.0 160.25
116.75 160.5
126.5 159.75
