31.5 30.5 162.5 162.5
66.75 74.0
72.25 66.0
84.0 63.75
92.75 64.0
114.0 57.0
121.5 56.75
139.5 54.5
156.25 61.25
167.25 69.0
103.5 71.25
101.25 79.25
97.5 91.0
93.75 104.5
88.5 120.75
96.25 120.0
100.5 119.25
108.5 119.0
121.75 117.0
72.25 89.0
75.75 78.5
86.0 76.25
93.75 82.75
84.0 88.0
76.0 90.0
124.75 80.5
130.25 71.75
145.0 70.5
153.25 78.25
142.5 82.5
132.0 82.25
83.0 153.0
86.75 145.75
93.25 140.25
100.25 142.25
105.75 139.25
116.5 142.25
129.75 150.75
92.0 150.75
98.0 149.25
106.0 148.75
118.5 150.25
91.5 151.5
97.75 150.5
105.75 150.25
115.25 150.75
87.75 155.75
93.5 157.25
100.5 158.5
109.25 157.0
119.75 154.75
