55.0 41.5 159.5 159.5
79.25 77.0
90.5 71.25
109.0 73.0
120.75 75.75
145.25 71.5
152.0 71.75
167.25 70.0
178.75 76.5
183.0 82.0
134.5 86.25
134.75 96.0
136.25 111.25
137.0 128.0
114.5 135.0
127.25 137.0
135.0 138.0
140.5 136.5
150.25 133.0
83.75 93.75
92.5 84.75
105.25 83.75
113.5 91.25
102.0 96.25
91.25 96.75
147.25 92.5
153.75 84.5
168.25 85.0
172.25 91.25
164.75 96.25
155.0 95.5
109.25 167.5
117.25 162.5
127.25 158.75
135.5 161.0
140.75 157.75
149.0 159.5
157.25 164.75
122.5 167.0
130.75 166.25
139.0 166.0
148.5 165.75
122.5 168.0
131.0 167.75
139.0 167.25
146.5 166.5
118.25 172.0
127.75 175.0
135.75 176.25
143.5 174.0
150.5 170.0
