60.5 44.0 149.0 149.0
86.5 72.5
99.0 67.5
117.75 70.75
129.5 74.75
153.5 72.75
160.0 73.5
174.0 73.25
183.75 81.0
186.25 86.75
142.25 86.25
142.25 96.0
143.0 111.25
143.5 127.75
118.0 133.5
131.0 136.5
138.75 137.75
143.75 136.75
153.0 134.25
89.0 89.75
99.25 81.25
112.25 81.5
119.5 89.75
107.75 93.75
96.75 93.25
152.5 94.0
159.25 86.5
173.25 88.25
175.75 95.0
168.75 99.25
159.5 97.5
109.75 165.5
118.75 161.0
129.75 158.0
137.5 160.75
142.75 158.0
150.5 160.25
157.0 166.25
123.75 166.0
132.0 165.75
140.25 166.0
149.0 166.5
123.5 167.0
132.25 167.25
140.0 167.5
147.0 167.25
119.0 170.75
128.75 174.25
136.5 176.0
144.0 174.25
150.75 171.0
