48.5 31.5 160.5 160.5
69.25 75.5
77.75 66.75
93.75 63.25
105.0 63.25
127.5 55.25
134.5 54.75
150.25 52.5
164.5 58.75
172.0 66.25
119.0 69.75
120.0 77.25
122.0 88.75
123.75 102.0
108.0 121.0
119.75 119.0
126.5 117.25
133.0 116.5
143.75 113.75
76.25 91.25
82.0 79.5
93.75 76.5
103.0 82.75
92.5 89.0
82.75 91.75
136.0 78.5
140.75 69.75
155.5 68.0
162.0 75.25
154.25 79.5
144.0 80.0
107.25 154.75
113.25 146.25
122.0 139.25
130.75 140.25
135.75 136.5
145.75 138.5
157.25 145.5
119.75 150.5
127.5 147.75
136.0 146.25
147.5 146.25
119.75 151.5
127.75 149.0
136.25 147.75
145.0 147.0
116.0 156.25
125.25 156.5
133.75 156.25
142.0 153.5
150.0 150.25
