30.5 37.5 166.0 166.0
77.5 64.0
87.25 58.5
100.75 58.5
112.5 66.75
138.5 68.0
148.25 65.75
163.5 66.5
177.5 76.5
184.75 83.5
123.5 87.25
122.25 96.25
120.25 109.25
117.5 124.0
97.5 132.25
109.25 136.0
117.0 137.25
124.75 138.25
138.0 136.5
76.75 83.25
84.75 73.5
97.75 75.0
106.0 87.25
91.75 88.5
81.5 87.25
142.0 93.5
149.75 83.25
167.0 84.5
172.5 93.25
162.25 98.0
150.75 96.5
89.5 160.25
96.25 155.25
105.75 153.0
113.25 156.25
119.25 154.75
128.75 158.5
138.5 166.25
101.75 161.0
109.0 161.25
116.75 162.5
127.75 165.0
101.25 161.75
109.0 162.5
116.5 163.75
125.0 165.25
96.75 165.5
104.5 168.5
111.5 171.5
119.25 170.5
128.5 169.75
