44.0 25.0 178.0 178.0
87.5 56.75
99.25 50.75
114.5 50.0
127.0 57.5
151.5 59.75
159.75 58.5
171.75 60.75
182.25 71.25
186.5 79.5
139.25 76.25
140.0 83.75
141.75 94.0
143.25 106.0
116.25 120.0
130.5 121.75
139.5 122.25
145.75 123.75
156.5 123.25
85.75 76.0
96.75 65.0
110.5 66.25
118.75 78.5
105.0 79.25
93.0 78.5
153.75 84.75
160.25 75.5
175.25 77.25
178.25 86.75
172.25 89.25
162.25 87.25
108.75 149.5
118.25 142.25
129.75 138.0
138.25 140.75
143.5 139.0
151.75 143.75
158.25 153.5
123.5 148.0
132.25 147.25
140.0 148.0
149.25 151.5
123.25 149.0
132.5 148.5
140.0 149.25
147.25 151.5
118.5 153.25
128.5 154.75
136.0 157.25
143.5 156.25
150.5 156.0
