47.0 39.5 169.5 169.5
76.25 70.25
86.75 63.5
101.75 62.0
115.0 69.0
141.25 67.75
150.25 64.25
164.25 63.25
177.5 71.5
183.75 77.25
129.25 88.5
130.0 97.75
131.25 111.0
132.25 126.0
109.25 136.75
122.5 138.75
131.25 139.0
138.25 138.75
150.0 135.25
77.5 89.75
86.0 79.0
100.0 79.0
109.75 90.5
95.75 93.5
84.25 93.5
146.5 92.25
153.0 81.25
169.5 80.5
174.25 88.0
166.75 94.25
155.5 94.0
104.75 165.75
112.25 160.0
122.5 156.25
130.75 158.5
136.0 156.0
145.0 158.25
153.75 164.0
118.0 164.75
126.0 163.75
134.0 163.75
144.0 164.5
118.0 165.5
126.25 165.0
133.75 165.0
141.75 165.0
113.75 169.75
122.75 171.75
130.25 173.5
137.5 171.5
145.5 169.0
