38.5 31.0 185.0 185.0
71.75 77.25
79.75 68.25
92.25 65.0
106.25 70.25
133.75 66.5
143.75 62.25
158.0 60.5
172.25 68.75
178.75 76.25
121.5 85.25
122.5 94.25
123.75 108.5
124.5 124.75
105.5 135.75
118.0 135.75
126.0 135.25
134.0 134.75
146.75 133.0
76.75 95.75
83.0 85.5
95.25 83.5
104.25 91.75
93.0 96.5
83.0 98.0
141.0 90.5
146.5 81.0
161.5 80.25
167.5 87.0
159.5 92.25
149.25 92.25
103.25 166.25
108.0 160.0
118.0 155.75
127.5 157.5
134.25 154.25
144.75 156.25
154.0 162.5
114.5 165.25
123.25 164.0
133.0 163.25
144.75 163.75
114.5 166.25
123.5 165.25
133.0 164.75
142.25 164.5
111.0 171.25
120.25 173.0
129.0 174.5
138.5 171.5
146.5 168.75
