43.5 53.0 142.0 142.0
62.5 82.5
67.5 74.0
76.75 70.5
89.0 75.0
114.5 69.75
124.75 64.5
140.75 61.5
158.5 68.25
168.75 75.25
103.5 89.25
103.0 98.5
101.5 113.25
99.75 130.0
91.25 138.75
100.0 139.5
106.0 139.25
115.0 138.5
129.75 136.25
69.5 99.75
72.25 90.0
82.75 88.0
91.5 95.25
81.25 100.5
73.25 102.0
126.0 92.75
131.0 83.0
146.75 81.25
155.25 87.5
144.75 93.75
134.0 94.25
91.5 167.75
92.5 162.5
99.0 159.0
107.25 161.25
113.75 158.0
126.0 160.0
139.0 165.75
99.0 167.5
105.5 167.0
114.75 166.5
128.0 167.0
99.0 168.75
105.75 168.25
114.75 168.0
125.0 167.75
96.75 173.25
103.0 175.5
110.75 177.5
120.0 175.0
129.75 172.0
