31.5 29.0 170.0 170.0
66.5 73.0
72.0 63.5
81.25 59.0
92.5 62.75
117.5 57.75
127.75 53.5
143.25 52.25
160.25 60.75
169.75 69.75
105.25 75.75
104.0 83.25
101.0 94.75
97.75 108.75
88.5 124.75
97.25 123.25
103.25 121.75
112.5 122.5
127.75 122.25
71.25 90.75
75.0 79.5
85.25 77.25
93.25 84.75
82.75 89.5
74.75 91.5
127.25 82.5
132.5 73.0
148.0 72.0
156.0 79.5
145.5 83.75
134.75 83.75
85.75 155.75
87.5 147.75
94.5 142.0
102.5 143.75
109.5 140.75
121.75 144.5
135.0 153.75
93.75 153.5
100.25 151.5
109.75 151.0
123.5 153.25
93.5 154.5
100.25 152.75
109.5 152.5
120.25 153.75
90.75 159.75
96.75 160.5
104.75 162.0
114.5 160.0
124.75 158.75
