35.5 29.0 164.5 164.5
66.75 73.5
73.0 63.25
83.25 57.75
95.75 60.25
121.0 54.0
131.0 49.75
145.5 48.25
161.5 56.25
170.25 65.25
110.25 72.0
110.5 78.75
110.0 88.75
109.25 101.5
96.5 121.5
107.0 118.25
114.0 115.75
122.75 116.0
137.25 115.5
72.25 91.25
76.5 79.25
87.5 76.0
96.5 82.75
85.75 88.25
77.0 91.25
131.25 78.25
136.0 69.0
151.0 67.0
158.75 74.75
149.75 78.5
139.25 79.0
95.5 153.5
98.25 144.0
106.5 136.5
115.75 137.25
122.5 133.5
134.75 136.75
147.25 146.25
105.0 149.25
112.75 146.0
122.75 144.5
136.25 146.25
105.0 150.5
113.0 147.25
122.75 146.0
133.25 146.5
102.0 156.25
110.0 155.5
119.0 156.0
128.75 152.75
138.25 151.5
