35.5 47.0 164.5 164.5
71.75 71.5
79.25 64.25
90.0 63.25
101.75 70.5
129.0 71.0
140.25 68.0
156.0 68.25
171.25 78.25
178.75 86.5
114.0 88.0
112.25 97.25
108.75 112.0
104.5 128.5
91.25 134.0
101.0 136.75
107.75 138.25
116.5 139.0
130.75 139.25
74.75 90.0
80.25 81.25
91.75 81.5
99.25 90.75
87.75 93.75
79.0 93.5
134.75 95.5
141.5 87.0
157.25 88.75
163.75 96.25
153.0 100.5
142.5 98.75
85.25 162.5
88.5 158.0
96.75 156.25
105.0 160.0
112.0 158.0
123.25 162.0
133.75 169.5
94.0 164.0
101.25 165.0
110.75 166.25
123.25 168.75
93.75 165.25
101.25 166.25
110.25 167.75
120.25 169.25
90.25 169.0
97.0 173.0
104.75 176.25
114.25 175.25
124.0 174.25
