45.5 39.5 159.5 159.5
72.5 71.0
80.5 62.0
92.25 59.0
105.5 64.25
132.5 61.75
143.0 58.25
157.5 58.0
172.0 67.5
178.75 76.25
119.5 79.5
119.5 87.75
119.0 100.5
118.0 115.75
100.5 128.75
112.25 128.5
120.0 128.0
128.25 128.5
142.0 128.5
76.25 89.75
82.75 79.0
94.5 77.75
103.0 86.25
91.5 90.25
81.75 91.75
139.25 86.75
145.0 77.75
160.25 78.0
166.5 85.75
157.5 89.75
147.25 89.0
96.25 159.75
100.75 152.75
110.5 148.0
119.75 150.5
127.0 147.5
138.0 151.0
148.0 159.25
107.0 158.5
115.5 157.25
125.5 157.25
137.75 159.25
107.0 159.75
115.75 158.75
125.5 158.75
135.25 159.75
103.25 164.75
112.0 166.25
120.75 168.25
130.5 166.25
139.25 164.5
