32.5 30.5 163.5 163.5
66.25 72.5
72.0 62.5
81.0 56.75
92.0 59.25
116.5 53.0
126.5 48.75
141.5 47.25
158.25 55.5
168.0 64.75
105.0 70.5
104.0 77.0
101.5 86.5
98.5 98.5
89.25 119.0
98.25 115.5
104.25 113.0
113.5 113.75
128.75 113.75
71.0 89.75
74.75 77.75
85.0 75.0
93.0 81.5
82.75 86.75
74.75 89.5
126.75 77.25
131.75 68.0
146.75 66.0
155.0 74.0
144.75 77.25
134.5 77.75
87.0 150.25
88.75 140.75
95.75 133.5
104.25 134.25
111.0 130.75
123.75 134.5
137.0 144.75
95.0 146.25
101.75 143.0
111.5 141.75
125.5 144.25
95.0 147.25
102.0 144.25
111.5 143.5
122.25 144.5
92.0 153.25
98.5 152.25
106.75 153.0
116.75 150.25
127.0 149.5
