35.5 33.5 164.5 164.5
75.75 59.75
84.5 53.25
98.0 51.5
109.5 58.25
134.75 58.25
144.5 55.75
161.5 57.75
176.25 69.5
182.25 77.75
120.5 77.25
118.5 84.25
115.5 94.25
113.0 106.75
94.5 117.75
106.5 120.75
114.5 121.5
123.75 122.0
138.75 120.75
75.5 79.5
82.5 69.75
94.25 70.25
103.5 80.5
89.25 82.5
79.25 82.0
140.0 85.25
148.5 76.5
165.0 77.75
170.75 86.0
161.0 89.25
149.5 88.0
87.25 147.5
93.5 139.25
104.25 134.5
113.5 137.25
121.5 135.25
132.25 140.5
142.5 152.25
98.75 145.5
107.75 144.5
118.5 145.25
132.0 149.5
98.25 146.75
107.75 145.75
118.0 146.75
128.75 149.25
93.5 151.25
102.25 152.5
111.25 154.75
121.5 154.0
133.0 154.75
