37.0 28.5 162.0 162.0
72.75 63.0
81.25 55.75
95.25 52.25
107.75 57.75
132.75 55.5
142.0 52.5
158.5 53.25
173.5 63.75
179.75 71.75
120.5 75.25
119.75 82.0
118.5 91.5
118.0 103.5
98.0 118.0
111.25 119.25
119.75 119.0
128.75 118.75
143.25 116.5
74.25 82.75
80.75 72.0
93.0 71.25
103.0 80.75
89.0 83.75
78.75 84.5
140.0 82.0
147.5 72.5
163.75 72.5
169.75 80.5
161.25 84.0
149.75 83.5
94.0 148.5
100.25 139.0
111.0 132.75
120.75 134.5
128.5 131.75
139.5 136.0
150.5 147.25
106.25 144.75
115.5 142.25
126.5 142.0
140.0 145.25
106.0 145.75
115.75 143.5
126.25 143.5
137.0 145.0
101.5 150.75
111.0 150.75
120.75 151.75
130.75 150.25
141.75 150.25
