33.5 31.0 172.0 172.0
75.5 61.75
84.5 55.5
99.0 53.75
111.25 61.0
136.75 61.0
146.25 58.0
163.25 59.5
177.5 70.75
183.0 78.25
123.0 80.5
121.75 88.0
119.5 99.0
118.25 112.25
97.5 121.75
110.5 125.0
118.75 126.0
127.75 126.0
142.5 124.0
75.75 82.25
83.0 72.5
95.5 73.0
105.0 83.5
90.5 85.5
80.25 85.0
142.25 87.75
150.5 78.75
167.0 79.5
172.25 87.5
163.25 91.5
151.75 90.25
91.5 152.0
98.25 144.0
109.25 139.5
118.75 142.25
126.5 140.0
137.25 144.5
147.25 155.25
103.75 150.25
113.25 149.25
123.75 149.75
137.0 153.25
103.5 151.5
113.25 150.75
123.5 151.25
134.0 153.25
98.75 156.0
108.25 157.75
117.5 159.75
127.5 158.75
138.25 158.5
