38.5 45.0 159.5 159.5
74.0 62.75
82.25 57.25
94.75 57.5
105.75 66.0
131.0 67.5
141.25 64.75
159.75 66.5
175.25 78.0
182.0 85.5
115.75 87.0
113.25 95.25
108.5 107.5
104.75 121.75
89.75 125.25
100.5 130.75
107.5 133.0
117.0 133.25
132.5 131.75
73.75 83.0
79.75 74.5
91.25 76.25
100.0 87.5
86.0 88.5
76.75 86.75
136.25 94.5
145.0 85.75
162.25 87.5
168.5 95.25
157.25 99.75
145.5 98.0
82.25 154.25
87.5 148.25
96.75 145.75
105.25 149.5
113.25 148.0
124.25 152.75
134.5 163.0
92.0 155.0
100.0 155.5
110.25 157.0
123.75 160.75
91.5 156.0
100.0 157.0
109.5 158.5
120.5 160.75
87.0 160.0
94.25 163.5
102.5 166.5
112.25 166.5
124.25 166.25
