48.0 40.0 167.5 167.5
69.0 73.25
77.5 66.75
92.25 65.25
105.75 72.25
132.0 69.5
141.25 65.0
158.75 63.25
174.25 71.75
180.5 77.25
120.0 91.25
119.75 100.0
119.0 113.5
119.5 128.5
99.75 133.75
113.0 137.5
121.25 138.5
130.0 136.75
144.25 132.0
72.25 93.75
78.5 84.75
91.25 84.5
102.25 94.0
88.0 97.75
77.5 97.5
140.0 94.5
147.5 84.5
164.25 83.25
170.25 89.25
161.75 96.0
150.25 96.5
97.75 163.5
103.25 157.25
113.5 153.0
123.25 155.25
130.5 151.75
141.25 154.25
151.75 161.5
109.5 162.75
118.5 161.75
128.75 161.25
141.75 161.75
109.25 164.0
118.75 163.25
128.75 163.0
139.0 162.5
105.25 168.75
114.75 171.0
123.75 172.25
133.25 170.0
143.75 167.25
