56.5 40.0 163.5 163.5
86.0 69.5
97.75 62.75
116.0 61.5
130.5 69.0
154.75 67.5
162.25 63.75
174.0 63.25
183.0 72.0
185.0 78.0
144.25 88.5
146.0 96.75
150.0 109.5
153.75 124.0
122.0 131.75
138.5 134.5
148.0 134.75
154.5 133.0
163.75 128.25
88.0 91.25
98.25 81.25
112.25 81.25
122.75 91.5
108.75 95.0
96.5 95.0
157.75 92.5
164.5 83.0
177.75 82.25
179.75 88.5
176.0 94.0
167.0 94.25
120.25 162.75
129.5 155.0
142.25 149.5
152.25 151.0
158.0 147.5
165.5 149.25
170.5 156.5
136.0 160.25
146.75 158.25
156.0 157.0
164.5 157.0
136.25 161.5
147.25 159.75
156.25 158.5
163.25 157.75
132.0 166.75
144.75 167.5
154.0 168.0
161.5 165.0
167.25 162.0
