34.5 42.5 164.5 164.5
79.25 64.0
87.25 59.5
99.25 62.0
108.25 67.5
130.0 67.0
139.25 67.25
155.0 68.0
170.75 77.5
176.5 84.25
115.75 83.5
112.5 91.75
107.25 102.75
101.5 116.5
90.0 125.25
98.5 128.75
104.25 130.75
113.0 131.75
127.0 132.0
79.0 81.75
84.5 73.25
95.5 75.0
103.25 85.5
90.0 87.0
81.25 85.75
132.25 91.75
141.25 83.25
157.5 85.0
163.75 93.0
152.25 97.75
140.75 95.25
81.0 153.0
85.0 149.25
92.75 148.0
100.0 152.0
106.75 150.5
117.75 155.25
129.0 163.25
89.25 156.0
96.0 157.25
105.25 159.0
118.0 162.25
88.75 156.75
95.75 158.5
104.75 160.5
114.75 162.5
85.0 160.0
90.5 164.0
98.25 168.0
108.25 167.75
118.0 167.5
