36.5 49.0 150.0 150.0
67.75 76.75
73.0 71.75
83.25 72.75
92.25 77.0
112.25 73.0
121.25 71.5
137.75 68.75
156.5 74.25
165.0 79.25
102.0 91.75
99.5 101.25
94.5 114.0
90.0 129.5
86.5 136.0
93.25 139.0
97.75 140.75
106.75 140.0
121.25 137.5
71.5 93.5
73.5 85.25
83.25 85.5
92.5 94.75
80.5 98.25
73.25 97.75
120.5 96.25
127.25 86.25
143.5 85.25
152.5 91.25
140.5 99.0
129.0 98.5
83.75 163.0
85.25 160.0
90.75 158.75
97.5 162.0
103.5 159.5
115.25 162.0
129.0 167.25
90.25 165.75
95.75 166.5
104.25 167.25
117.5 168.25
90.0 166.5
95.75 167.75
104.25 168.75
114.25 169.0
87.5 170.0
92.0 173.5
99.25 176.75
108.5 175.25
118.5 173.25
