51.5 38.5 160.5 160.5
89.5 70.0
101.5 63.25
119.0 63.0
130.75 66.75
150.75 63.0
157.75 62.0
167.5 60.5
176.5 67.5
177.5 73.5
142.25 81.0
145.75 88.75
151.5 99.0
157.0 112.25
128.0 128.25
143.0 127.75
152.25 127.5
157.25 126.5
164.5 124.0
91.5 89.0
101.5 78.0
114.75 77.25
125.25 86.5
112.25 90.75
100.25 91.75
153.75 86.25
159.5 76.75
171.75 75.75
174.0 82.75
171.0 88.0
162.5 87.75
125.5 159.25
134.5 152.75
146.5 147.5
155.5 148.75
160.5 145.25
167.75 147.0
172.25 152.5
140.0 157.75
149.75 156.0
158.75 154.5
166.5 154.25
140.0 158.75
150.25 157.25
159.0 156.0
165.25 155.25
136.25 163.75
147.25 164.25
156.25 165.0
164.25 161.5
168.5 158.75
