46.0 31.5 163.0 163.0
97.75 59.25
110.25 54.5
127.0 57.25
137.75 63.0
158.0 63.75
165.0 64.5
175.0 66.25
183.0 76.0
183.25 83.0
146.5 78.75
148.25 86.25
151.75 95.5
154.5 108.0
123.5 121.25
138.25 123.0
147.5 124.0
152.75 125.0
161.0 125.25
95.75 78.0
107.5 68.5
120.5 70.5
129.0 81.5
115.5 82.75
103.75 81.5
157.0 87.75
164.25 79.75
176.75 82.0
178.0 90.0
174.0 93.5
165.25 91.0
115.25 151.5
125.0 145.75
138.0 142.25
146.75 145.5
152.75 143.5
159.75 147.75
163.75 155.75
129.75 152.25
139.75 152.0
149.25 152.75
157.25 155.5
129.5 153.25
140.0 153.25
149.25 154.25
155.75 155.75
124.75 157.25
135.5 159.5
144.75 162.25
153.5 161.0
158.5 160.25
