51.0 43.5 165.5 165.5
81.75 71.25
92.25 65.75
108.0 67.25
119.5 72.0
141.75 69.25
150.25 68.25
163.75 67.0
176.5 74.0
179.75 79.25
129.75 87.25
130.25 96.25
131.25 108.5
131.5 123.5
109.25 133.25
122.0 135.25
130.25 136.5
137.5 135.75
148.75 133.25
82.75 89.5
91.0 80.25
104.0 80.75
114.0 90.75
100.0 94.0
89.0 93.5
144.75 92.75
152.25 83.25
167.5 83.0
171.75 89.75
164.5 96.0
154.0 95.25
103.75 162.5
110.75 158.25
121.5 155.5
130.25 158.25
136.5 155.5
146.0 157.5
154.25 162.75
116.0 164.0
125.0 163.75
134.75 163.75
145.5 164.25
115.75 165.0
125.0 165.25
134.75 165.25
143.25 165.0
111.75 169.0
120.75 171.75
130.0 174.0
139.5 171.5
146.75 169.0
