54.5 37.5 166.5 166.5
85.0 71.0
96.0 64.25
113.25 64.0
125.0 67.75
146.0 63.5
153.5 62.25
164.75 60.75
175.5 67.5
177.5 73.25
136.75 82.0
139.25 90.0
143.5 100.5
147.5 114.25
121.25 129.5
135.75 129.25
144.5 129.25
150.5 128.25
159.5 125.25
87.0 89.75
96.0 79.0
109.5 78.25
120.0 87.25
106.75 91.75
95.0 92.5
149.75 87.0
155.75 77.25
169.5 76.25
172.5 83.0
168.25 88.75
158.75 88.5
118.5 160.25
126.5 154.0
138.25 149.25
147.5 150.75
153.0 147.25
161.25 149.0
167.5 154.25
132.25 159.25
142.0 157.5
151.25 156.5
160.25 156.25
132.25 160.25
142.25 158.75
151.5 157.75
158.75 157.25
128.5 165.0
138.75 166.0
148.25 167.0
156.75 163.5
162.25 160.75
