45.5 22.0 180.0 180.0
87.5 63.0
98.5 57.5
115.75 58.25
128.0 62.0
153.25 61.0
160.5 62.25
172.75 64.0
182.0 72.5
185.0 79.75
142.0 72.25
144.0 79.0
147.5 90.25
150.25 104.0
119.5 117.25
134.0 120.0
143.75 120.75
150.25 121.0
159.25 117.5
87.0 79.75
97.0 69.75
110.25 70.25
118.5 79.25
106.0 81.25
94.5 81.5
154.25 84.25
160.75 77.0
174.25 78.5
177.25 86.5
171.5 88.5
162.0 86.75
105.25 149.5
117.25 145.25
131.75 142.75
141.75 145.75
148.75 143.0
158.5 144.75
165.75 150.5
123.5 150.75
135.25 151.0
145.5 151.25
156.5 151.75
123.5 151.5
135.5 152.25
145.5 152.5
154.25 152.25
118.25 154.75
131.25 157.75
141.0 159.5
150.25 158.25
158.0 155.75
