42.5 33.5 174.0 174.0
87.75 73.75
99.25 68.0
117.75 68.5
130.5 71.5
155.25 67.5
162.0 67.25
173.25 66.25
181.75 72.5
183.75 77.5
145.25 81.25
148.5 89.5
154.0 103.0
159.0 118.75
127.0 129.75
141.75 132.25
151.75 132.75
157.25 130.75
164.5 124.5
88.25 90.25
98.5 80.25
112.0 79.75
120.75 87.75
108.75 91.5
97.0 92.5
156.0 88.5
162.0 80.25
175.0 80.0
177.25 86.5
172.75 90.75
163.75 90.25
115.0 161.0
127.25 157.75
141.75 154.75
151.5 156.75
157.5 153.0
166.0 152.0
171.25 153.75
133.5 162.0
145.0 161.75
154.5 160.5
163.75 157.75
133.5 162.75
145.25 162.75
154.5 161.5
162.0 159.25
128.75 166.25
142.0 168.75
151.25 169.5
159.5 166.5
165.5 161.5
