32.5 37.5 160.5 160.5
66.75 75.5
72.0 69.75
83.25 69.0
92.75 71.25
117.5 65.25
126.75 64.5
144.5 62.5
161.25 68.5
172.5 74.0
105.0 79.75
103.75 87.75
100.5 101.0
97.25 116.75
87.5 127.0
95.75 130.0
102.25 131.25
112.0 129.75
126.25 124.0
70.5 90.25
73.75 81.0
84.25 80.0
93.25 87.25
81.75 91.25
73.75 92.25
128.75 87.0
135.0 78.25
151.0 77.25
159.0 84.25
148.0 88.75
136.75 88.5
81.75 156.5
85.75 154.0
94.0 152.5
102.5 155.5
109.25 152.5
123.0 153.0
139.5 156.5
92.0 159.0
99.5 160.0
109.5 160.0
125.25 159.0
91.75 159.75
99.75 161.0
109.25 161.0
121.0 160.25
88.25 162.5
95.5 166.5
103.75 168.5
114.0 166.75
126.25 163.25
