37.0 45.5 150.0 150.0
63.0 82.0
67.5 76.75
77.75 76.5
87.25 78.75
111.0 72.0
120.25 70.5
138.25 67.0
155.75 71.25
168.25 75.0
99.5 87.25
98.5 96.25
95.5 111.0
93.0 127.75
86.25 134.5
94.0 138.25
99.75 139.75
109.5 137.5
123.5 130.5
68.25 96.0
70.25 87.5
80.25 86.25
89.75 93.25
78.75 97.5
71.25 98.5
124.25 91.75
130.0 82.75
146.0 81.0
155.0 87.0
143.5 92.75
132.25 93.0
83.5 162.0
86.5 160.75
93.75 160.0
102.0 162.75
108.5 160.0
122.0 159.25
139.0 161.0
92.75 165.25
100.0 166.5
109.25 166.5
124.75 164.5
92.75 166.0
100.0 167.75
109.25 167.75
120.75 166.0
89.75 168.75
96.5 173.0
104.25 175.0
114.0 173.0
126.0 168.5
