20.5 24.0 190.0 190.0
62.0 76.75
67.25 69.0
78.5 66.25
90.5 67.75
120.0 61.25
131.0 59.25
148.0 57.75
165.25 65.0
175.25 71.75
106.25 77.25
105.75 85.5
103.25 99.5
102.0 118.5
88.75 129.5
100.0 131.0
107.5 132.5
118.25 129.5
134.75 124.25
69.0 92.25
72.0 81.75
83.75 79.5
93.75 85.75
82.25 92.25
73.25 94.0
131.0 84.5
136.75 76.25
154.0 75.0
162.0 82.5
151.0 87.75
139.5 87.5
87.75 159.5
92.25 154.0
100.25 150.75
110.0 152.75
117.25 150.0
129.5 150.25
143.0 156.0
98.25 158.25
106.25 157.25
116.75 156.75
131.25 156.75
98.0 159.25
106.5 158.25
116.5 157.75
127.75 157.5
94.5 163.0
102.25 163.75
111.25 164.5
121.5 162.5
132.5 160.75
