28.0 36.5 161.0 161.0
58.5 83.0
62.75 75.25
73.25 71.75
85.0 72.5
113.25 63.75
124.25 60.75
141.25 57.5
159.75 63.0
170.5 68.5
101.25 80.75
101.0 89.25
99.5 103.75
99.25 123.25
88.5 134.0
99.25 135.25
106.5 136.25
117.0 132.25
133.5 125.5
67.0 97.5
68.75 87.5
80.0 84.25
90.25 89.5
79.75 97.0
71.25 99.25
127.0 85.5
132.0 76.75
149.0 74.25
158.0 80.5
147.0 87.25
135.5 88.0
90.25 163.75
93.75 158.25
101.25 154.5
110.75 156.0
117.5 152.75
130.0 152.0
144.0 156.25
100.0 162.0
107.75 160.5
117.75 159.25
132.25 158.25
100.0 162.75
108.0 161.5
117.75 160.25
129.0 159.0
97.0 167.0
104.25 167.25
113.0 167.5
123.0 164.75
134.0 162.0
