34.0 31.5 191.5 191.5
68.25 80.25
77.0 73.75
92.25 73.25
106.5 76.5
138.5 72.0
149.5 70.5
164.75 68.75
178.5 75.25
184.0 79.75
124.0 87.75
124.5 97.25
125.5 113.75
127.25 135.0
103.25 139.25
118.0 143.0
127.5 145.25
137.0 141.75
151.0 135.0
74.0 95.5
80.25 86.5
94.0 85.25
104.25 91.75
91.75 98.25
80.75 98.75
143.75 92.75
150.25 85.0
167.0 84.5
172.25 90.5
163.25 96.75
152.25 96.25
101.0 168.0
108.25 164.25
119.0 162.5
129.25 164.5
136.25 161.75
146.75 160.75
156.5 163.75
114.5 168.25
124.25 168.0
134.75 167.25
146.75 166.0
114.5 169.25
124.5 169.0
134.5 168.25
144.25 167.0
110.25 172.75
120.25 174.5
130.0 175.25
139.5 173.0
148.5 169.75
