31.5 27.0 180.5 180.5
71.75 63.0
78.25 57.0
89.5 57.0
100.25 61.5
130.0 62.5
141.25 63.25
158.25 65.75
173.75 77.0
182.5 85.75
113.0 74.75
110.0 82.75
103.75 95.75
97.0 114.0
83.5 121.0
93.25 125.5
99.75 128.75
111.0 128.5
128.75 127.25
75.25 79.5
80.0 70.25
91.75 71.0
99.75 79.5
87.25 83.0
78.5 82.5
135.75 87.75
143.5 81.0
160.25 84.0
166.75 93.0
154.25 95.75
143.0 92.75
75.5 149.5
80.5 145.5
88.75 144.5
97.25 148.75
104.75 148.0
116.75 151.25
129.0 160.0
85.25 151.0
93.0 152.25
103.0 154.25
117.0 158.0
85.0 152.0
93.0 153.25
102.5 155.25
113.5 157.75
80.75 154.75
87.5 157.5
95.75 160.5
106.0 161.25
117.5 162.25
