33.5 39.0 174.5 174.5
61.5 79.75
67.25 73.5
78.75 72.75
91.25 75.75
121.25 71.0
132.75 69.25
150.25 67.25
167.5 74.0
177.25 79.0
107.25 86.75
106.5 96.0
104.25 112.0
102.75 133.0
89.25 137.25
100.5 141.0
108.0 143.75
118.75 140.75
135.0 134.75
69.0 94.5
72.0 85.75
84.0 84.5
94.25 91.0
82.5 97.0
73.5 97.75
132.0 92.0
138.25 84.25
155.5 83.75
163.5 90.0
152.0 96.5
140.5 95.75
88.25 165.25
92.75 161.75
100.75 160.5
110.25 163.25
117.25 160.75
129.25 160.75
142.25 164.75
98.5 166.25
106.5 166.25
116.75 166.5
130.75 166.0
98.5 167.0
106.75 167.25
116.5 167.5
127.5 167.0
95.0 170.25
102.5 172.5
111.25 174.0
121.25 172.5
132.0 170.0
