40.0 35.5 167.0 167.0
73.5 66.75
82.25 61.5
96.25 62.5
109.25 67.75
141.0 69.0
152.0 69.5
168.0 71.25
181.5 81.25
187.0 88.0
123.75 81.75
122.25 90.5
119.25 105.5
116.25 125.75
94.5 129.25
107.5 134.5
116.0 138.25
126.5 137.0
142.25 133.75
76.75 83.5
83.5 75.0
96.75 75.75
105.5 84.25
92.25 88.25
82.0 87.25
144.0 92.25
151.5 85.5
168.25 88.25
173.25 96.0
162.5 99.75
151.75 97.25
87.25 158.0
94.25 154.75
104.75 154.0
114.25 158.25
122.0 156.75
133.0 158.5
143.0 164.75
99.75 160.0
109.0 161.0
119.5 162.5
132.5 164.5
99.5 160.75
109.0 162.0
119.25 163.5
129.5 164.75
94.75 163.75
103.75 166.75
113.0 169.5
123.25 169.25
133.25 168.75
