36.0 40.0 166.0 166.0
58.0 87.0
62.75 79.75
74.0 77.25
86.5 78.5
115.75 69.75
126.75 66.5
143.75 62.75
162.0 67.5
172.25 71.5
103.75 87.25
104.0 96.25
103.5 112.25
104.5 133.0
92.0 140.0
103.5 142.0
111.25 143.5
121.5 139.25
137.25 131.5
67.0 100.75
69.0 91.5
80.75 88.5
91.5 93.75
80.75 101.25
71.75 103.25
129.0 90.0
134.0 81.25
151.25 78.75
160.0 84.25
149.25 91.75
137.75 92.5
94.5 168.25
98.25 164.0
106.25 161.25
115.75 162.75
122.5 159.5
134.5 158.0
148.0 160.75
104.75 167.5
112.75 166.5
122.75 165.25
136.75 163.5
104.75 168.5
112.75 167.5
122.75 166.25
133.5 164.75
101.5 172.25
109.5 173.25
118.25 173.5
128.0 170.75
138.5 167.25
