31.5 32.5 184.5 184.5
80.75 74.0
91.5 69.0
109.5 70.25
122.25 73.75
151.0 70.5
160.0 69.75
172.75 67.0
182.0 71.5
184.5 78.75
137.75 84.0
139.25 92.5
142.5 107.0
145.5 124.5
119.25 133.75
132.0 137.25
141.0 137.75
147.0 136.5
154.25 131.75
84.0 92.25
92.5 82.75
106.25 82.5
114.5 90.75
102.75 96.5
91.25 96.5
151.75 92.0
157.5 83.5
171.75 82.75
174.0 89.25
169.0 96.0
159.5 95.5
110.0 163.75
118.75 158.5
131.25 155.0
140.5 157.25
146.25 154.25
156.0 155.0
162.75 159.5
125.0 163.0
135.25 162.0
144.5 161.25
154.75 161.0
125.0 163.75
135.75 163.0
144.5 162.5
152.75 162.0
120.5 167.75
132.0 169.25
141.0 170.0
149.5 168.0
156.25 165.25
