47.5 38.0 154.0 154.0
80.75 61.25
90.0 56.0
105.5 57.0
116.5 61.0
145.25 61.0
155.25 62.25
170.0 63.0
181.0 71.0
185.5 81.0
129.5 71.25
129.0 78.0
128.25 89.5
126.75 103.75
105.75 118.25
116.25 120.75
124.25 121.25
131.75 122.75
142.0 122.0
82.25 80.25
90.0 70.0
102.75 70.75
109.75 79.5
97.5 83.5
87.5 83.25
146.75 85.5
153.5 78.25
169.25 80.25
172.25 88.75
164.75 92.5
154.25 89.75
93.0 148.25
100.5 141.75
112.25 138.0
121.0 141.5
127.75 139.75
139.25 144.0
149.0 153.75
106.25 147.25
116.0 146.5
125.5 147.5
138.25 151.5
105.75 148.0
116.0 147.5
125.25 148.75
135.5 151.25
101.25 151.75
111.0 153.25
120.0 155.0
129.75 155.0
139.25 155.75
