33.0 36.0 163.5 163.5
66.0 74.5
71.75 67.75
84.25 65.75
94.25 67.0
121.5 60.25
132.25 58.75
149.25 55.5
164.25 60.0
173.5 68.5
107.25 74.25
106.75 81.25
105.25 93.5
103.25 108.5
94.75 124.75
102.5 126.0
108.5 125.25
117.5 124.75
129.5 121.5
72.75 91.75
75.75 81.0
86.75 79.0
94.75 85.75
84.5 92.5
76.25 94.0
131.25 83.5
136.5 74.5
153.25 72.5
160.0 80.0
150.75 86.0
139.25 86.0
89.25 155.75
92.75 148.75
101.0 143.5
109.25 145.5
115.5 142.5
129.0 144.25
143.5 151.5
98.75 153.0
106.25 151.0
115.5 150.5
130.5 151.5
98.5 154.0
106.25 152.0
115.5 151.5
127.0 152.0
95.0 158.25
102.25 158.5
110.5 158.75
120.5 157.25
131.75 155.75
