23.0 37.5 179.5 179.5
68.5 72.25
73.5 69.25
84.5 72.5
93.5 77.5
121.0 77.0
132.25 77.0
151.25 75.0
167.5 80.25
177.0 87.75
104.25 89.5
101.75 98.25
96.75 113.5
91.25 131.25
86.75 133.75
91.75 140.0
96.75 142.5
105.75 142.5
119.0 139.25
74.0 89.0
76.75 81.75
87.0 83.0
93.75 92.0
83.25 95.75
76.0 94.25
129.0 98.25
136.0 90.25
153.5 91.25
160.0 98.0
148.25 104.75
136.25 103.0
78.75 159.25
81.25 156.5
88.0 156.5
94.75 160.75
100.75 159.25
113.75 162.25
128.0 168.25
85.75 162.0
92.0 163.75
100.25 165.5
115.0 167.75
85.5 163.0
91.75 165.0
100.0 166.5
111.0 168.25
82.25 165.5
87.25 169.75
94.0 172.75
103.5 173.0
115.0 172.25
