50.0 33.0 163.5 163.5
64.75 79.25
70.75 72.25
84.5 69.5
95.5 70.5
123.0 61.75
133.25 59.75
149.5 55.0
164.0 58.5
172.5 66.25
110.0 77.0
110.75 84.25
111.5 97.0
112.0 112.75
101.0 128.75
110.0 129.5
117.0 128.5
125.25 127.25
136.25 122.5
72.5 96.25
75.5 85.25
87.0 82.5
96.0 89.0
86.0 96.25
77.0 98.5
133.0 84.0
137.75 74.75
154.0 71.75
160.75 78.5
152.75 85.25
141.5 86.25
97.5 160.0
101.5 153.0
110.5 147.25
119.25 148.5
125.25 145.0
138.5 145.5
152.0 151.0
108.0 156.75
116.25 154.25
125.75 152.75
140.0 152.5
108.0 157.75
116.5 155.25
125.75 154.0
136.75 153.25
104.75 162.25
113.25 162.0
121.75 161.75
131.25 159.0
141.75 156.5
