51.0 39.0 159.5 159.5
81.0 64.0
91.0 59.25
107.25 61.0
118.75 65.25
148.0 65.25
157.5 66.0
172.0 66.25
182.5 73.25
186.25 82.25
132.5 76.25
132.25 83.75
132.25 96.5
131.75 112.25
109.25 123.75
120.25 127.25
128.5 128.25
135.5 129.0
145.25 127.0
83.0 83.0
91.0 73.25
104.0 74.25
111.5 83.0
99.25 87.25
88.5 86.75
148.75 89.0
155.5 81.25
170.75 82.75
173.5 90.75
166.25 95.25
156.25 93.25
96.75 153.75
104.75 148.0
116.75 145.0
125.75 148.25
132.25 146.25
143.25 149.75
152.0 157.75
110.5 153.5
120.5 153.0
130.0 153.75
142.0 156.75
110.25 154.25
120.5 154.25
129.75 155.0
139.5 156.75
105.5 158.0
115.75 159.75
124.75 161.75
134.25 161.25
143.0 161.0
