52.5 39.0 156.0 156.0
69.0 77.5
77.0 70.5
92.75 68.25
104.75 69.5
133.0 62.0
142.75 60.25
157.5 56.25
170.0 60.25
176.25 68.0
120.5 76.75
122.0 84.25
124.75 97.0
127.5 112.75
109.75 128.5
121.0 129.5
129.0 128.5
136.25 127.25
145.5 122.75
75.75 95.0
80.75 83.75
93.5 81.5
102.75 88.25
92.0 95.5
81.75 97.5
140.25 84.5
145.0 75.25
160.5 72.75
165.5 79.75
159.25 86.25
148.75 86.75
105.25 160.25
111.25 153.0
121.75 147.5
131.25 148.5
137.0 145.0
149.0 145.5
160.0 151.0
118.0 157.0
127.5 154.25
136.75 152.75
149.75 152.5
118.0 158.0
127.75 155.5
137.0 154.0
147.0 153.25
114.5 162.5
124.5 162.0
133.5 161.75
142.75 159.0
151.75 156.5
