34.5 30.0 170.0 170.0
70.0 70.0
77.5 61.5
89.0 57.0
101.5 60.5
127.5 57.0
137.0 54.25
151.75 53.75
166.0 61.75
172.75 69.25
116.0 74.25
115.5 81.75
115.0 94.5
114.25 109.25
99.5 124.5
110.75 124.75
117.75 123.75
126.5 123.0
140.5 120.5
73.75 88.25
79.0 77.0
90.0 75.0
99.0 83.25
87.75 88.0
78.5 89.75
136.5 81.25
141.25 72.0
155.75 71.25
162.0 78.5
154.25 83.0
144.25 82.75
100.25 157.0
104.0 148.75
112.0 142.0
119.25 143.5
124.25 140.25
134.5 143.25
145.75 151.75
110.5 153.75
117.0 151.25
124.5 150.25
135.75 151.5
110.5 154.75
117.25 152.5
124.5 151.75
133.25 152.0
107.25 159.75
115.25 160.25
122.0 161.0
129.5 158.25
137.75 156.25
