32.5 38.5 172.5 172.5
66.0 77.5
72.5 69.75
83.25 67.0
95.5 71.75
121.75 68.5
131.75 65.0
148.0 62.75
163.5 69.5
171.5 75.25
109.75 87.75
108.75 97.25
107.25 113.75
105.75 131.25
94.75 137.75
104.75 140.75
111.0 141.5
119.75 139.75
134.25 135.5
70.75 96.0
74.75 86.25
85.25 84.75
94.5 93.25
83.5 98.0
75.0 98.75
132.0 91.75
137.0 82.25
152.0 81.0
159.0 87.25
150.25 93.5
139.75 93.75
96.25 168.75
99.0 163.0
105.5 158.75
112.5 160.75
117.25 158.0
127.5 160.0
139.25 166.0
105.5 167.5
111.0 166.5
118.0 166.0
129.25 166.5
105.25 168.5
111.25 167.75
118.0 167.5
126.5 167.25
102.5 172.75
109.5 174.75
115.5 176.25
122.75 174.0
131.0 171.25
