42.5 31.5 158.0 158.0
74.0 65.75
82.25 57.5
94.5 54.0
106.75 58.25
133.0 57.0
142.5 55.25
157.25 55.75
170.5 64.75
176.5 73.0
120.5 73.25
119.75 80.5
118.75 93.0
117.25 107.5
100.5 122.0
112.0 123.0
119.25 122.5
127.75 122.25
141.75 121.0
76.5 84.25
82.75 73.25
94.0 72.0
102.5 81.0
90.75 84.75
81.25 85.75
140.0 81.75
145.5 73.0
159.75 73.25
165.25 81.0
157.5 84.75
147.75 84.0
98.75 154.5
103.5 146.5
112.0 140.25
119.5 142.25
124.75 139.5
134.75 143.0
145.0 152.5
109.75 152.0
116.5 149.75
124.0 149.5
135.0 151.5
109.5 153.0
116.75 151.25
124.0 150.75
132.5 151.75
106.0 157.75
114.0 158.75
120.75 159.75
128.5 157.75
136.75 156.5
