55.0 39.5 159.5 159.5
74.75 79.5
83.75 70.75
98.25 66.75
113.0 71.0
139.5 66.25
148.0 62.5
160.5 60.0
172.0 66.0
176.25 71.75
130.75 86.0
133.25 95.25
137.75 111.25
141.75 128.25
118.75 138.25
132.75 139.5
141.25 139.0
148.0 136.25
158.25 130.75
80.5 98.75
87.5 87.75
99.5 85.5
109.75 93.5
98.5 99.25
88.0 101.25
147.25 89.0
151.25 79.25
164.75 77.5
169.0 83.25
164.25 89.5
155.25 90.5
122.5 169.75
127.75 163.0
137.25 157.25
144.75 158.0
149.25 154.25
157.5 155.0
165.25 159.75
134.0 166.5
141.5 164.25
148.5 162.5
157.5 161.5
134.25 167.5
142.0 165.5
148.75 164.0
155.75 162.5
131.25 172.5
140.75 173.0
147.5 173.25
154.0 169.5
160.0 165.75
