23.5 33.5 182.5 182.5
73.0 66.25
80.25 60.25
90.25 60.0
100.5 67.25
126.0 69.5
136.75 68.25
153.5 69.5
168.0 79.25
175.5 86.75
110.25 86.0
106.5 95.25
100.25 111.0
94.25 127.75
85.75 131.0
93.5 136.5
98.75 138.75
107.75 138.75
123.5 138.0
74.0 85.0
79.0 76.75
89.0 77.5
96.0 87.75
84.5 90.0
76.75 89.0
131.75 94.75
138.75 86.25
153.75 88.5
159.75 96.0
149.25 100.5
139.0 98.25
81.0 161.0
84.0 156.25
90.25 154.0
96.0 157.5
101.0 156.0
110.75 160.0
121.75 168.5
89.0 162.0
94.25 162.5
100.75 163.75
111.75 166.75
88.75 163.0
94.0 163.75
100.5 165.0
108.75 166.75
85.5 166.5
90.75 170.25
96.0 173.0
103.25 172.5
112.25 171.75
