48.0 35.5 162.5 162.5
77.25 61.75
85.5 55.0
97.0 53.75
107.5 60.25
133.5 62.25
144.0 61.5
159.75 63.5
173.0 74.0
179.0 82.5
118.0 77.5
115.0 85.5
110.0 99.25
104.75 114.75
91.5 123.5
100.75 127.0
107.0 128.25
116.0 129.0
131.0 129.0
77.25 80.5
84.0 71.0
94.5 71.5
101.25 81.75
89.5 84.0
81.0 83.5
138.0 88.0
145.0 79.75
159.75 82.0
165.0 90.0
155.25 93.5
145.25 91.25
85.25 154.75
89.75 148.5
97.5 144.5
103.75 147.75
109.25 146.0
119.0 150.5
129.0 160.75
94.75 154.5
101.0 154.25
108.0 155.0
119.0 158.5
94.5 155.5
101.0 155.5
107.75 156.5
116.25 158.5
90.75 159.5
97.25 162.25
103.0 164.75
110.75 164.0
119.75 163.5
