62.5 38.0 158.5 158.5
87.25 66.25
98.25 58.75
113.5 57.0
127.5 63.25
153.0 63.75
160.75 62.25
171.5 63.0
180.0 71.75
181.75 78.75
143.0 80.25
145.0 88.75
149.0 103.25
152.0 119.5
123.75 129.75
138.75 132.0
147.75 132.25
153.75 131.25
162.75 128.75
89.5 86.5
99.0 76.0
111.5 75.75
120.0 85.5
108.25 89.0
97.25 89.25
155.75 88.0
160.75 79.5
173.0 80.25
175.25 87.25
171.0 91.5
163.0 90.5
122.75 162.5
130.25 155.25
141.25 149.75
148.75 151.75
153.25 148.75
160.5 151.25
165.5 158.75
135.5 160.25
143.75 158.5
150.75 157.75
158.75 158.75
135.5 161.25
144.0 159.75
150.75 159.25
157.0 159.25
131.75 166.0
141.75 167.25
148.75 168.25
155.25 165.75
160.5 163.5
