51.0 38.0 173.0 173.0
79.5 65.25
92.0 58.25
110.75 56.75
125.25 63.75
146.5 62.25
152.75 59.75
165.75 59.75
177.75 66.75
183.5 72.75
140.0 82.25
143.25 90.75
148.0 105.0
152.5 122.25
125.5 133.5
139.75 136.25
149.0 136.0
154.5 135.0
162.75 129.75
84.25 88.0
94.0 75.5
109.25 75.5
121.5 87.25
105.75 90.25
92.75 91.0
154.25 86.75
159.5 75.75
174.25 74.0
178.0 82.25
173.5 87.25
163.75 87.75
120.25 163.5
131.0 156.75
143.25 151.75
151.75 153.25
156.5 150.0
164.0 151.25
169.5 157.25
137.25 161.0
146.5 159.0
154.0 158.25
162.25 158.25
137.25 162.0
147.0 160.25
154.0 159.5
160.75 159.0
133.0 166.75
144.25 167.5
152.0 168.25
158.25 165.5
164.25 162.75
