33.5 40.0 156.0 156.0
76.75 57.75
86.25 52.5
100.25 53.5
110.5 61.75
131.75 63.75
140.25 62.5
157.25 64.75
171.75 74.25
183.0 82.75
118.0 82.0
116.5 90.75
112.25 104.75
108.0 122.25
91.75 128.0
101.25 134.0
108.5 136.0
116.25 136.75
129.5 134.5
76.0 79.0
83.25 68.75
95.5 70.75
103.75 84.0
88.5 84.0
79.0 82.75
137.0 90.0
145.5 80.0
163.5 81.25
170.25 91.0
158.25 94.5
146.25 93.0
81.75 155.25
88.75 151.25
98.25 149.25
105.5 153.25
112.0 151.75
122.5 155.75
133.0 164.75
93.75 157.0
101.5 157.75
109.5 159.25
122.0 162.75
93.5 158.0
101.5 159.0
109.0 160.5
118.75 162.75
88.75 161.25
96.5 165.0
103.25 168.0
111.25 167.75
122.5 167.75
