49.0 29.0 176.0 176.0
82.25 61.5
95.25 54.75
114.0 53.5
128.25 60.5
148.75 60.0
154.75 58.0
167.25 58.75
178.5 66.25
183.75 73.25
142.5 78.5
146.0 86.75
151.0 100.0
156.0 116.75
128.0 128.75
142.5 131.5
151.5 131.5
157.0 130.75
164.75 126.5
86.5 84.25
96.75 71.5
112.25 71.75
124.0 83.75
108.5 86.0
95.5 86.5
156.0 84.5
161.25 74.0
175.25 73.0
178.5 81.5
174.75 85.5
165.25 85.75
122.5 159.5
133.75 152.0
146.0 147.0
154.5 148.75
159.0 145.5
166.25 147.5
171.25 154.5
139.75 156.75
149.25 154.75
156.5 154.0
164.25 155.0
139.75 157.5
149.5 156.0
156.5 155.25
162.75 155.5
135.25 162.5
147.0 163.0
154.75 164.0
160.75 161.5
166.25 159.5
