34.5 36.0 159.0 159.0
74.75 58.75
83.5 52.75
96.75 52.25
106.75 59.25
127.5 59.75
135.75 58.25
152.75 60.0
167.75 68.75
180.0 77.5
114.25 78.0
112.75 86.25
108.5 99.25
104.25 116.0
89.75 124.75
99.0 129.5
106.0 131.0
114.0 131.75
127.25 129.25
74.5 79.5
80.75 68.25
92.5 69.5
100.75 81.75
86.0 82.5
77.0 82.0
133.75 85.75
141.75 75.25
159.5 75.75
167.0 85.75
155.0 89.0
142.75 88.0
80.75 152.75
87.0 147.5
96.0 144.75
103.25 148.25
109.75 146.5
120.75 150.5
132.0 160.25
92.25 153.25
99.75 153.5
107.75 154.75
120.75 158.25
91.75 154.25
99.5 154.75
107.25 156.0
117.25 158.0
87.25 158.0
94.5 160.75
101.5 163.5
109.75 163.0
121.0 163.25
