44.5 33.5 170.0 170.0
85.25 55.5
98.25 50.5
116.25 51.5
129.0 60.0
150.25 62.25
157.25 61.25
171.0 63.75
182.5 73.0
188.5 81.25
140.25 79.75
141.5 88.0
143.25 101.5
144.25 118.5
117.0 127.0
130.5 132.0
139.5 133.25
145.75 133.5
155.75 130.75
86.0 78.0
97.0 66.75
111.75 69.0
121.75 82.5
105.75 82.5
93.25 81.5
154.75 87.75
162.0 78.0
177.25 79.25
180.5 88.5
174.5 91.75
164.0 90.25
107.0 156.5
118.25 150.75
130.75 147.5
139.25 150.75
144.75 148.5
152.75 151.75
158.75 160.25
123.75 156.25
133.25 156.0
141.25 156.75
150.5 159.25
123.5 157.25
133.5 157.25
141.0 158.0
148.5 159.25
118.25 161.5
129.5 163.75
137.25 166.0
144.25 165.0
151.5 164.0
