30.0 34.5 172.5 172.5
71.5 62.25
79.75 56.75
92.75 56.75
102.75 64.5
123.75 64.75
132.25 62.75
149.75 63.5
165.0 72.0
178.0 79.5
111.0 84.25
109.75 93.25
105.75 108.0
102.0 125.75
89.0 131.75
98.0 137.25
104.75 139.0
112.75 139.25
125.75 136.0
72.5 83.75
77.75 73.0
89.25 74.5
98.25 87.0
83.5 88.0
74.75 87.25
131.25 90.75
139.0 80.0
157.0 79.75
165.0 89.0
152.5 93.75
140.25 93.0
81.75 158.75
87.25 154.75
95.75 152.75
102.75 156.25
109.0 154.25
120.0 157.5
131.75 165.75
92.5 160.25
99.75 160.75
107.5 161.75
120.5 164.5
92.25 161.25
99.5 162.0
107.0 163.0
117.25 164.5
88.0 164.75
95.0 168.0
101.75 171.0
109.75 170.25
121.0 169.25
