63.0 53.5 153.5 153.5
82.25 74.75
95.5 68.0
115.25 67.0
130.25 74.25
151.25 71.75
157.25 68.25
169.75 66.25
180.75 71.75
185.25 75.5
145.25 93.5
148.75 103.0
154.0 119.0
159.0 137.5
130.75 145.0
145.0 148.0
154.0 147.75
159.0 145.5
166.25 138.75
87.5 98.0
98.0 86.5
113.75 86.25
126.0 97.75
110.5 101.75
97.25 102.25
158.0 95.0
163.25 83.5
177.25 80.5
180.0 86.75
176.5 94.0
167.25 95.5
125.75 172.75
136.75 167.5
148.5 163.25
156.5 164.25
160.75 160.5
167.25 159.75
171.25 162.75
142.25 170.75
151.25 169.0
158.0 167.25
165.0 165.25
142.25 171.75
151.75 170.0
158.25 168.75
163.75 166.5
138.25 176.25
149.25 177.25
156.5 177.5
162.0 174.0
166.75 169.25
