36.0 34.5 161.5 161.5
72.75 72.0
82.25 64.25
95.25 62.5
108.0 67.0
133.75 63.5
142.75 61.5
157.75 60.5
172.5 68.5
177.75 75.0
122.25 81.0
122.5 89.75
123.25 100.5
123.25 115.0
100.75 129.0
115.0 129.25
124.0 129.5
131.75 129.25
145.25 127.0
76.25 89.25
82.25 79.0
94.25 78.0
103.5 86.75
90.5 90.75
80.75 91.5
140.0 87.75
147.5 78.0
163.0 78.0
168.25 85.5
160.75 90.0
149.75 89.25
96.75 160.25
103.75 155.0
114.0 150.75
122.75 153.0
129.0 150.5
138.75 153.25
148.25 159.75
109.5 159.75
118.0 158.75
127.25 158.75
138.5 160.0
109.25 160.75
118.0 160.0
127.0 160.0
135.75 160.5
105.0 164.75
113.75 166.25
122.25 167.75
130.5 166.25
139.75 164.25
