41.5 36.0 172.0 172.0
68.0 80.75
76.5 73.0
89.0 71.0
102.0 74.75
127.75 68.75
136.75 65.75
152.25 62.5
168.0 68.25
174.25 73.25
117.75 88.0
118.75 97.75
120.25 109.75
121.25 125.5
101.25 137.5
115.25 137.5
123.75 137.5
131.5 136.0
145.0 132.0
73.5 97.75
78.0 88.0
89.75 86.25
100.0 94.25
87.25 99.25
78.0 100.5
136.5 92.0
143.25 81.5
159.0 79.75
165.25 86.0
157.5 92.25
146.5 93.0
100.25 167.75
106.5 163.25
116.0 159.0
124.75 161.0
130.5 158.0
140.5 159.0
150.75 163.25
112.5 167.25
120.5 166.0
129.5 165.5
141.0 165.0
112.25 168.25
120.75 167.25
129.5 166.75
138.25 166.0
108.75 172.25
117.0 173.75
125.5 174.75
133.5 172.25
142.5 169.0
