63.5 39.0 146.5 146.5
86.25 64.0
99.0 58.25
114.0 59.25
126.75 66.0
152.5 67.5
160.75 67.0
173.5 68.5
183.75 78.5
186.0 85.25
139.5 82.75
140.0 91.5
141.75 102.75
141.75 117.25
111.0 127.0
127.0 129.5
136.5 131.0
143.0 131.75
154.5 131.25
87.25 82.25
96.75 73.25
109.75 74.5
118.0 85.0
104.25 86.5
93.25 85.75
153.25 92.0
161.75 83.75
175.5 86.25
177.75 94.0
172.0 97.5
162.5 95.0
102.0 158.0
112.0 153.75
124.25 150.75
133.0 154.25
139.25 152.75
147.0 156.25
152.5 163.25
116.75 159.25
126.25 159.25
135.25 160.25
144.5 162.5
116.5 160.0
126.25 160.5
134.75 161.5
142.5 163.0
111.5 163.5
121.25 166.0
129.5 168.75
137.75 168.0
145.25 167.0
