54.5 45.5 153.0 153.0
82.0 72.5
94.5 67.0
110.0 68.25
123.25 74.75
149.75 74.0
158.25 72.5
171.5 72.0
182.5 79.75
185.25 85.25
137.0 91.25
137.75 101.25
140.0 114.25
140.75 130.5
111.0 137.25
126.75 139.75
136.25 141.25
142.75 140.5
154.5 138.0
84.5 91.25
93.5 82.75
106.5 83.5
115.5 93.5
101.75 96.25
90.75 95.5
151.75 97.75
160.0 88.75
174.25 89.75
176.75 96.0
171.0 101.5
161.25 100.5
104.25 167.0
113.5 163.75
125.25 161.25
133.75 164.25
139.75 162.0
147.75 164.0
153.75 168.5
118.5 168.5
127.75 168.5
136.5 168.75
145.75 169.25
118.25 169.5
127.75 169.75
136.0 170.0
143.75 170.0
113.75 172.75
123.25 175.5
131.25 177.5
139.25 176.0
146.75 173.5
