38.0 45.0 151.5 151.5
64.0 81.0
69.75 73.5
80.0 71.5
91.25 74.5
115.75 69.0
126.0 66.75
142.75 62.75
161.5 68.0
170.0 73.75
103.75 87.0
103.5 96.5
101.0 112.0
100.0 132.0
95.0 139.5
102.5 142.75
107.75 144.0
116.25 141.75
128.75 136.5
71.75 97.5
75.0 88.0
85.0 86.25
94.0 94.0
83.75 99.5
75.75 100.5
128.0 91.75
132.75 82.25
148.0 80.25
156.25 86.0
146.5 93.25
135.75 94.0
95.75 168.0
98.0 165.25
104.5 163.75
111.75 166.0
116.75 163.25
127.75 163.0
140.25 166.0
104.0 169.25
110.0 169.5
117.75 169.25
129.75 168.0
103.75 170.25
110.25 170.5
117.75 170.25
127.0 169.25
101.25 173.25
107.5 176.0
114.5 177.5
122.5 175.25
131.5 172.25
