45.0 32.5 170.0 170.0
72.25 72.75
81.25 63.25
95.25 59.0
108.5 60.75
133.25 55.5
141.75 54.25
155.0 52.75
169.0 60.25
174.0 67.5
123.25 71.0
125.75 78.0
129.0 89.0
133.25 105.25
114.75 124.75
126.25 124.75
134.0 123.75
140.75 122.5
150.5 118.5
79.5 90.25
85.75 78.25
97.5 75.75
107.5 82.75
96.25 89.0
86.25 91.25
142.0 79.75
145.5 71.25
159.25 69.75
165.0 76.75
159.0 81.25
149.75 81.5
114.0 157.5
119.75 151.75
129.5 146.5
138.0 147.75
143.25 144.25
152.5 144.5
161.75 149.75
126.0 155.5
134.5 153.5
142.5 152.0
153.0 151.5
126.0 156.5
134.75 154.5
142.75 153.25
151.0 152.5
122.75 160.75
132.25 160.75
140.5 161.0
148.25 158.0
155.25 155.5
