36.5 35.5 159.0 159.0
76.25 64.5
84.5 58.25
96.0 58.25
106.5 63.75
132.0 64.5
142.25 65.25
158.75 66.0
174.5 76.5
180.5 84.25
115.75 78.5
113.75 87.0
108.5 100.5
103.25 118.75
93.25 127.5
100.5 132.0
105.75 134.0
114.25 134.25
127.75 132.5
79.25 82.75
85.5 73.75
96.25 74.25
103.0 84.0
91.25 86.75
82.75 86.0
137.25 90.25
143.75 82.25
159.0 84.25
165.0 92.25
154.5 96.25
144.0 94.25
85.5 156.75
89.25 154.0
96.75 153.25
103.5 157.25
109.25 155.5
120.0 158.25
130.75 165.0
94.0 159.5
100.5 160.75
108.25 162.0
120.25 164.25
93.75 160.25
100.5 161.75
108.0 163.25
117.25 164.75
90.0 162.75
96.25 166.5
103.0 169.5
111.5 169.25
120.75 168.75
