37.5 35.5 179.5 179.5
73.5 68.75
81.75 62.75
93.25 63.25
104.25 69.0
130.0 69.25
140.25 69.25
157.0 68.75
173.25 78.0
179.5 85.0
114.25 84.25
112.5 93.5
107.75 108.5
103.5 128.0
94.0 133.75
101.25 138.75
106.75 141.0
115.25 140.5
128.25 137.75
77.5 86.75
83.5 78.25
94.25 78.75
101.75 88.5
90.0 91.5
81.5 90.75
136.25 93.75
142.75 85.5
158.0 87.0
164.25 94.25
153.75 99.25
143.25 97.75
87.75 161.75
91.25 159.75
98.75 159.5
105.5 163.5
111.25 161.75
122.0 163.5
132.75 168.75
96.25 164.75
102.75 166.25
110.5 167.5
122.25 168.75
96.0 165.75
102.75 167.5
110.25 168.5
119.5 169.5
92.5 168.25
98.75 172.25
105.75 175.0
114.0 174.5
123.0 173.25
