60.5 39.5 158.0 158.0
83.25 72.25
94.75 65.0
111.0 64.0
124.75 68.25
149.75 66.0
157.5 65.25
169.25 63.75
179.75 71.5
182.0 77.75
138.75 82.0
141.75 91.0
145.75 105.5
150.0 124.75
123.75 135.0
136.5 138.0
144.75 138.75
150.25 137.0
158.25 132.5
88.25 91.25
97.25 81.0
109.75 80.25
119.0 89.0
107.0 93.75
96.0 94.5
152.75 89.75
157.25 81.25
170.0 81.0
173.25 87.5
168.25 92.75
160.0 92.75
118.25 165.75
125.75 162.0
137.0 159.5
145.0 161.5
150.0 158.5
157.75 158.25
163.25 161.75
131.0 166.0
140.0 165.75
147.75 165.0
156.0 164.0
131.0 167.0
140.25 166.75
147.75 166.0
154.5 165.0
127.25 170.5
137.0 172.5
145.0 173.5
152.25 170.75
157.75 168.0
