49.5 27.5 169.0 169.0
83.5 62.0
94.5 54.25
109.75 52.25
122.75 56.25
147.0 55.75
155.0 56.5
167.0 57.75
178.25 68.0
181.0 76.25
136.0 68.5
138.25 75.0
141.25 85.5
144.5 101.0
119.75 119.0
132.0 120.5
140.25 120.5
146.25 120.75
155.25 119.25
87.5 80.75
96.25 69.75
108.5 69.25
117.25 78.0
105.25 81.75
94.5 82.5
150.75 81.25
155.25 73.75
168.0 75.0
172.0 83.0
166.5 85.75
158.0 84.5
113.25 152.0
120.75 146.5
132.25 142.25
140.5 144.75
145.75 142.25
154.25 144.5
161.0 151.75
126.25 151.5
135.25 150.5
143.5 150.25
153.0 151.75
126.25 152.25
135.75 151.5
143.5 151.5
151.0 152.25
122.0 156.0
132.25 157.25
140.5 158.5
148.25 157.0
154.75 156.0
