26.5 27.5 174.5 174.5
65.25 71.75
71.0 64.25
82.75 61.0
92.75 64.25
115.0 59.0
123.0 56.75
141.0 53.0
158.75 59.0
169.75 67.0
105.0 77.0
102.75 85.25
98.5 96.0
94.75 108.5
85.0 122.75
95.0 122.25
101.0 122.25
110.5 121.5
126.75 119.5
69.5 91.25
71.75 80.0
81.75 78.0
91.0 85.25
79.25 90.0
71.75 92.25
126.75 82.5
132.75 73.0
148.75 71.25
157.0 78.75
146.25 83.5
135.25 83.5
84.75 153.75
87.0 147.0
93.75 142.0
101.5 144.0
108.25 141.0
120.75 144.0
134.5 151.5
92.75 152.75
99.25 151.25
108.25 151.0
122.5 152.5
92.5 153.75
99.25 152.5
108.0 152.25
119.0 153.0
89.0 158.5
95.25 159.5
102.75 161.5
112.0 159.25
124.0 157.5
