48.5 30.0 159.0 159.0
74.0 71.25
84.0 63.5
101.75 61.0
115.25 65.25
139.5 61.25
147.0 59.25
161.75 56.25
174.75 62.5
179.75 70.0
130.5 79.25
131.75 88.0
134.25 99.5
136.5 112.75
112.25 126.75
127.25 126.0
136.25 125.75
143.75 124.5
157.0 121.5
78.25 92.5
85.0 80.75
98.0 79.0
109.25 86.75
96.0 91.75
85.0 94.0
147.75 84.5
153.25 75.5
168.0 74.25
172.25 81.25
166.25 86.0
156.75 85.75
111.75 158.75
119.0 151.75
130.25 146.25
139.75 147.75
145.75 144.0
155.5 146.0
163.25 151.75
125.5 157.0
135.0 155.0
144.25 153.75
155.0 153.75
125.5 158.0
135.25 156.25
144.5 155.25
153.0 154.75
121.5 163.25
132.25 163.75
141.25 165.0
149.75 161.5
157.5 158.5
