29.5 42.5 159.5 159.5
67.25 72.5
74.0 68.0
87.0 70.0
97.5 77.0
121.5 76.75
130.0 75.5
149.25 73.25
166.75 80.0
176.75 86.5
109.5 93.75
106.5 104.0
101.75 118.25
97.5 133.5
85.75 135.25
96.0 139.25
102.25 142.0
111.5 141.75
127.5 141.0
70.75 92.25
74.0 84.25
84.75 85.25
94.0 94.5
81.25 97.25
73.5 96.25
131.0 99.5
138.25 91.25
155.0 92.25
162.0 98.75
150.5 104.25
139.5 102.75
83.75 162.0
86.75 159.75
93.75 159.25
101.25 163.25
107.75 161.25
119.25 164.25
131.5 169.0
91.75 165.75
98.25 167.25
107.0 168.75
120.25 170.0
91.5 166.75
98.25 168.5
106.75 170.0
117.0 170.75
88.0 169.75
94.0 174.5
101.0 178.0
110.0 177.25
121.0 175.0
