33.0 22.5 174.0 174.0
79.0 62.25
89.75 55.25
107.25 54.25
120.0 59.25
144.0 58.0
151.5 57.25
166.25 56.75
178.5 65.25
183.0 74.25
133.5 74.25
133.75 82.0
135.0 92.0
135.75 104.0
110.25 118.0
125.5 118.25
134.25 118.5
142.25 118.75
155.75 118.25
80.75 83.75
88.75 72.0
101.75 71.5
111.75 80.25
98.25 83.75
87.25 85.0
150.0 82.5
156.25 74.5
171.0 75.25
174.75 83.25
168.25 86.25
158.75 84.75
106.25 150.75
114.5 143.5
126.25 138.25
135.75 140.5
142.25 137.75
151.75 141.75
159.25 150.0
120.5 149.5
130.25 148.0
139.75 148.0
150.75 150.25
120.25 150.5
130.5 149.25
139.75 149.5
148.5 150.5
115.75 155.5
126.5 156.5
135.5 158.5
144.5 156.5
152.5 155.25
