30.0 23.5 175.0 175.0
78.25 60.25
88.0 54.25
104.0 54.5
115.5 60.5
140.0 60.75
148.25 60.5
165.0 60.75
178.75 70.0
184.5 79.25
127.25 76.5
125.25 84.75
123.0 95.25
120.25 107.75
98.75 118.5
112.25 120.5
120.25 121.75
129.0 122.5
144.0 123.0
78.5 81.5
85.75 70.75
98.0 71.25
107.0 80.75
93.25 83.0
83.25 83.25
145.5 86.0
153.0 78.0
168.5 79.75
173.0 88.25
164.25 91.0
154.0 88.75
92.25 149.75
99.0 144.0
109.5 140.25
118.25 143.75
125.5 141.75
136.0 146.5
145.25 155.25
104.25 150.5
113.0 150.25
122.75 151.5
135.0 154.75
103.75 151.5
113.0 151.75
122.25 153.0
132.25 155.0
99.0 155.75
108.25 158.25
116.5 161.5
126.0 160.25
136.0 160.0
