33.0 20.5 186.0 186.0
75.25 71.75
85.5 64.0
104.0 61.5
117.5 65.5
141.5 61.25
148.75 59.25
162.75 56.25
175.25 62.25
179.75 69.75
133.0 79.25
134.75 88.25
138.0 99.75
141.0 112.75
115.75 127.0
131.0 126.25
140.0 125.75
147.25 124.25
160.0 121.25
79.75 93.25
87.0 81.25
100.0 79.25
111.25 87.0
98.0 92.25
87.0 94.5
149.5 84.5
154.75 75.25
169.0 74.0
173.0 80.75
167.5 85.5
158.25 85.5
115.5 159.0
123.25 152.25
134.75 146.25
144.25 147.5
150.0 143.75
159.25 145.5
166.25 151.0
129.75 157.25
139.25 155.0
148.5 153.5
158.75 153.25
129.75 158.25
139.75 156.25
148.75 155.0
156.75 154.25
125.75 163.5
137.0 163.75
145.75 164.75
154.0 161.25
161.0 158.0
