43.0 30.5 180.0 180.0
81.25 72.5
92.75 65.5
112.25 64.5
125.75 69.5
149.75 66.5
156.5 64.75
169.75 61.75
180.5 67.75
183.25 74.25
140.5 84.5
142.25 94.0
146.0 106.5
149.25 120.75
121.25 131.75
136.75 131.75
146.0 132.0
152.75 130.5
164.25 127.25
84.5 94.25
93.25 83.0
106.75 82.0
117.5 90.25
104.0 95.0
92.5 96.5
155.0 89.25
160.5 80.25
174.0 79.25
176.75 85.75
172.25 91.0
163.5 90.75
119.0 162.75
128.0 157.0
140.0 152.25
149.25 153.75
154.75 150.25
162.75 151.5
167.75 156.0
133.75 162.0
143.5 160.5
152.25 159.25
161.25 158.5
133.75 163.0
144.0 161.75
152.5 160.75
159.5 159.5
129.5 168.0
141.0 169.0
149.5 170.25
157.25 166.75
163.25 163.25
