44.5 32.5 176.5 176.5
87.75 64.25
100.0 60.5
118.5 64.25
130.5 72.5
155.25 75.25
163.0 75.0
177.75 75.25
188.25 83.25
190.5 90.25
141.25 90.75
140.0 100.5
139.25 114.0
138.0 128.75
110.5 131.75
125.0 136.0
133.75 138.75
141.25 138.75
154.25 138.25
86.25 86.0
96.25 77.75
109.75 79.75
118.25 90.5
104.0 92.0
92.5 90.5
156.0 98.5
164.0 91.0
178.25 93.5
180.0 100.25
173.25 104.5
164.0 102.25
101.25 160.75
110.25 157.75
122.5 156.5
131.0 160.25
137.75 158.25
146.0 161.25
151.25 166.5
115.0 164.0
124.5 165.0
133.5 166.25
143.25 167.5
114.75 165.0
124.5 166.5
133.25 167.5
141.25 168.25
109.5 168.5
119.75 172.75
127.75 176.0
136.25 174.75
144.25 172.75
