31.0 32.0 186.0 186.0
69.5 71.5
77.25 67.0
91.5 68.75
103.0 75.75
127.5 75.5
136.25 74.5
155.0 72.25
171.5 79.25
180.25 85.75
115.25 92.75
112.5 103.0
108.75 117.0
105.0 132.25
90.0 134.75
101.5 138.75
108.25 141.25
117.5 140.75
133.25 139.75
72.5 91.75
77.0 83.5
88.25 84.5
97.75 93.75
84.5 96.5
75.75 95.75
136.0 98.5
143.5 90.25
160.0 91.25
166.25 97.75
155.5 103.25
144.5 101.75
87.0 162.25
91.25 159.75
99.25 158.75
107.25 162.5
114.0 160.5
125.25 163.25
136.5 168.25
96.25 165.75
103.75 167.0
112.75 168.0
125.5 169.25
96.0 166.75
103.75 168.25
112.25 169.5
122.5 170.0
92.25 170.0
99.25 174.25
106.75 177.75
115.75 176.5
126.5 174.25
