29.5 32.5 185.0 185.0
87.75 69.5
99.25 64.75
116.75 66.25
129.25 73.75
155.75 76.25
164.5 76.25
177.5 77.0
187.0 85.25
190.0 91.0
142.25 90.5
142.75 100.0
144.5 115.5
144.75 134.75
113.5 134.75
127.5 141.75
137.5 145.25
145.0 143.75
156.0 139.25
85.0 87.5
96.0 79.75
110.25 81.5
118.5 91.75
104.0 94.25
92.0 92.25
155.0 99.5
162.5 91.5
177.5 94.25
179.75 100.5
172.75 105.5
162.75 103.5
101.5 161.5
111.25 159.75
123.0 160.0
132.5 163.75
139.5 162.0
147.25 162.25
153.5 165.5
116.75 163.5
126.5 165.0
136.0 165.75
145.25 166.0
116.5 164.25
126.5 165.75
135.75 166.5
143.25 166.5
111.75 166.25
122.25 169.5
131.0 171.0
139.5 170.75
146.75 169.25
