47.0 45.5 163.5 163.5
79.75 85.5
89.75 78.0
107.75 75.0
122.0 78.75
147.75 73.75
156.0 70.75
168.5 67.25
179.0 71.75
182.75 75.75
139.0 91.5
142.25 101.0
148.75 116.75
154.75 135.75
123.0 141.5
138.5 144.5
149.25 145.5
155.5 141.5
164.25 133.25
81.75 103.0
90.75 93.0
104.75 90.75
115.75 98.25
102.5 104.75
90.25 106.0
152.5 95.0
157.5 85.25
172.25 83.5
175.5 88.25
170.75 95.5
161.0 96.75
118.25 169.0
127.25 165.25
139.0 162.75
148.75 163.5
155.0 159.75
162.0 157.25
168.0 157.75
133.5 167.0
143.25 166.0
152.25 164.0
160.75 161.0
133.5 167.75
143.75 166.75
152.25 164.75
159.25 162.25
129.75 171.0
140.75 171.5
149.25 170.5
157.0 167.75
163.0 163.75
