33.5 37.0 154.5 154.5
63.75 78.0
68.25 70.0
78.0 65.5
87.75 67.75
110.5 61.75
120.25 59.25
137.25 56.25
155.0 62.0
167.75 68.5
99.25 78.25
97.25 86.0
92.75 98.0
89.5 114.5
85.25 127.5
93.5 129.75
100.0 130.5
110.0 128.25
125.25 122.75
68.25 94.5
70.25 84.0
80.0 81.5
89.5 88.5
78.0 94.25
70.5 96.0
123.25 85.5
128.5 75.75
145.5 73.75
154.75 80.5
143.25 86.5
131.25 87.0
85.0 156.75
88.5 152.25
94.5 149.25
103.0 151.25
109.75 148.25
120.75 148.25
134.25 152.75
94.0 155.0
100.5 154.25
109.5 153.75
122.75 153.5
93.75 155.75
100.5 155.0
109.25 154.5
119.25 154.0
90.75 158.75
96.75 159.5
104.25 159.5
113.5 158.25
124.0 156.5
