38.5 26.5 178.0 178.0
93.5 63.75
105.25 58.0
123.25 58.0
136.0 64.25
160.25 66.5
167.75 66.5
178.25 68.25
186.0 77.5
187.5 84.75
150.0 79.5
152.5 87.25
158.0 100.0
162.0 116.75
125.5 125.25
141.0 130.0
151.75 132.25
157.75 131.25
166.0 127.75
90.5 82.75
102.5 73.25
116.5 74.0
125.0 84.25
111.5 87.0
99.0 86.25
159.5 91.0
165.75 83.0
178.75 85.5
180.0 93.0
175.75 96.5
167.0 94.5
114.25 155.25
125.0 151.5
138.0 149.75
147.5 152.75
154.0 150.5
160.25 151.25
164.75 156.25
130.75 155.0
141.0 155.25
150.25 155.5
158.0 156.25
130.5 155.75
141.25 156.0
150.25 156.25
156.5 156.5
126.0 158.5
137.5 160.0
146.5 160.75
154.25 160.5
160.0 159.25
