42.5 24.5 173.5 173.5
86.0 66.25
96.25 58.75
114.0 55.75
127.25 60.0
151.5 58.75
159.0 58.25
169.75 59.0
179.25 67.25
182.0 75.0
143.5 72.5
147.0 79.25
154.0 89.75
160.5 104.75
126.25 120.75
142.25 122.75
153.25 123.25
159.25 121.75
167.25 118.0
85.75 85.75
96.0 74.0
109.75 73.0
119.75 81.75
106.75 86.0
94.5 87.25
155.0 83.75
159.75 75.25
173.25 76.0
176.0 83.75
172.0 87.0
163.0 86.0
119.75 152.75
129.75 146.75
142.25 142.75
152.5 144.75
158.75 141.5
165.25 142.0
170.75 147.0
136.0 149.75
146.5 148.25
155.75 147.25
163.75 147.5
136.0 150.5
146.75 149.0
155.75 148.0
162.5 147.75
131.75 153.75
143.75 153.5
152.75 153.0
160.5 151.5
166.25 150.25
