31.0 36.5 185.0 185.0
66.0 78.25
72.0 72.5
83.75 71.75
94.5 77.0
120.0 75.5
130.25 73.75
148.0 71.75
165.0 78.5
176.0 83.5
107.0 91.75
105.25 101.5
101.5 117.5
98.5 137.0
89.25 137.25
98.5 143.5
105.75 146.75
115.75 144.75
130.5 139.25
69.75 94.75
73.0 86.75
84.25 86.5
94.0 95.25
81.25 99.25
72.75 98.5
130.0 98.25
136.5 89.25
154.0 89.75
162.0 95.75
150.5 102.25
138.5 101.5
86.75 162.5
91.25 161.0
98.5 161.25
107.0 165.0
114.0 163.0
124.25 163.0
136.5 166.0
96.75 164.5
103.75 166.0
113.0 166.75
125.5 166.75
96.5 165.25
104.0 166.75
112.75 167.5
122.25 167.25
93.0 167.25
100.0 170.5
107.75 172.0
116.75 171.75
126.5 170.0
