45.0 32.0 171.0 171.0
74.5 65.5
81.75 59.5
94.5 58.75
104.75 64.25
130.0 65.25
140.25 65.0
157.25 66.25
172.25 76.0
181.5 84.25
115.25 79.0
112.5 86.75
107.5 99.5
102.25 116.75
89.25 123.5
98.75 129.25
106.0 132.25
116.0 132.0
131.5 129.5
74.75 83.0
80.25 74.0
92.0 74.5
100.0 84.25
86.75 86.75
77.75 86.0
135.75 90.75
143.25 82.5
160.5 85.0
167.0 93.25
155.5 97.0
143.75 94.75
81.5 151.5
87.25 148.75
95.25 148.25
104.0 152.5
111.5 151.25
121.75 153.0
133.0 159.5
92.5 153.0
100.0 154.25
109.5 156.0
121.75 158.0
92.0 153.5
99.75 155.0
109.0 156.5
118.75 158.0
88.0 155.5
95.25 158.5
103.25 160.5
112.5 161.25
122.5 161.5
