55.5 45.5 156.5 156.5
74.5 83.5
83.25 75.5
100.25 71.75
114.25 75.0
140.5 69.25
149.25 66.5
162.5 63.0
174.75 68.0
180.25 72.5
131.5 87.0
134.5 96.0
140.0 110.75
145.75 129.25
117.5 138.0
132.5 140.5
143.0 141.25
150.0 137.25
160.0 129.5
77.5 101.25
85.0 90.75
98.75 88.0
110.0 95.25
97.0 102.0
85.25 103.75
147.75 91.5
152.5 81.75
168.0 79.5
172.5 85.0
166.75 92.0
156.5 93.0
114.5 166.5
122.75 162.25
134.0 159.25
144.25 160.25
150.5 156.25
158.25 154.25
166.0 155.5
129.25 164.25
139.0 163.0
148.25 161.0
157.75 158.25
129.25 165.0
139.25 163.75
148.5 161.75
156.0 159.5
125.5 168.25
136.25 168.5
145.0 167.5
153.25 164.75
160.0 161.0
