39.5 25.5 174.0 174.0
75.75 63.0
84.5 58.25
100.25 60.5
113.25 63.25
144.5 61.25
155.0 62.75
169.0 62.25
180.25 68.25
185.25 77.0
129.5 70.5
130.0 78.0
130.75 91.0
131.25 109.75
105.75 120.75
119.5 122.0
128.75 123.5
137.25 122.5
149.75 120.0
78.25 83.75
86.0 73.25
99.25 73.25
108.5 80.75
95.5 84.75
84.5 85.75
146.25 83.5
154.0 76.75
169.25 78.25
173.75 86.0
165.75 88.75
155.25 87.0
97.25 151.25
106.25 145.75
118.0 142.0
128.25 144.75
136.0 142.0
145.75 144.5
155.25 152.25
112.0 151.5
122.25 151.0
133.25 151.0
145.0 152.5
111.75 152.5
122.25 152.25
133.0 152.5
142.5 153.0
106.75 156.5
117.0 158.75
127.5 160.75
138.25 159.0
147.0 157.5
