38.5 38.0 157.0 157.0
65.25 72.5
71.5 67.5
84.75 68.5
97.0 70.0
127.5 64.0
138.75 64.25
154.75 61.25
169.5 65.0
178.25 72.25
112.25 76.0
111.75 84.25
110.75 98.5
110.0 118.75
93.5 128.25
105.25 129.25
113.0 130.5
122.5 128.25
136.5 124.25
71.0 91.5
75.0 81.75
87.0 80.25
97.0 86.5
84.75 92.0
75.5 93.75
134.25 85.5
141.75 77.75
158.0 77.5
165.25 84.0
154.75 88.75
143.5 88.0
89.5 157.75
95.25 152.75
104.5 149.25
114.25 151.5
121.75 148.25
132.5 149.75
145.0 156.0
101.5 158.0
110.0 157.5
120.75 156.75
133.75 157.25
101.25 159.0
110.25 158.5
120.5 158.25
130.75 158.0
97.0 163.0
105.25 165.25
115.0 166.75
125.75 164.5
135.75 162.0
