54.5 43.5 155.0 155.0
78.25 70.25
88.0 66.5
105.25 69.75
119.25 72.75
150.75 70.0
160.5 71.0
173.75 69.0
183.5 73.0
186.75 79.5
136.25 81.0
137.75 90.0
140.25 105.5
142.75 126.75
113.75 132.75
128.25 134.75
138.0 136.5
145.5 134.25
156.5 130.0
80.5 90.5
89.5 81.5
103.25 81.25
113.0 88.5
100.0 93.25
88.25 94.0
150.75 90.25
158.5 83.5
173.25 84.25
176.5 90.25
169.5 95.0
159.5 93.75
105.75 162.0
115.25 157.5
127.5 154.75
137.75 157.25
145.0 153.75
153.5 155.0
161.25 160.0
121.0 162.75
131.5 162.5
142.0 161.75
152.5 161.5
121.0 163.75
131.75 163.75
141.75 163.25
150.25 162.5
116.0 167.5
126.75 170.25
137.25 171.75
147.0 169.25
154.5 166.25
