47.0 41.5 161.0 161.0
72.75 79.0
82.0 73.75
99.75 74.5
113.75 75.5
144.5 67.75
154.5 67.0
167.0 63.0
177.25 65.25
181.25 71.0
132.0 81.0
135.0 89.75
140.0 105.0
145.5 125.75
117.5 135.5
132.5 135.5
142.25 135.75
149.0 132.25
159.25 126.0
78.0 98.5
85.75 88.25
99.25 86.0
110.0 91.5
97.75 98.5
86.25 100.75
147.5 87.5
154.0 79.5
168.75 78.0
172.75 83.25
166.75 89.0
156.75 89.5
114.25 165.25
123.0 159.75
134.75 155.25
145.0 156.0
151.75 151.5
160.25 151.25
168.5 154.75
129.5 163.75
139.5 162.0
149.75 159.75
160.0 157.75
129.5 164.75
140.0 163.25
150.0 161.25
158.0 159.0
125.25 169.25
136.25 170.5
146.75 170.5
156.0 166.25
162.75 162.0
