42.5 34.0 161.5 161.5
81.75 63.5
92.0 59.25
109.0 62.75
122.5 66.25
153.5 65.5
163.0 67.25
175.5 66.75
184.75 72.5
187.25 80.5
139.25 74.75
140.5 83.0
143.0 97.0
145.0 116.75
114.75 125.0
129.75 127.0
139.25 128.75
146.75 127.5
157.75 124.75
83.0 84.5
92.75 74.75
106.25 75.25
115.5 83.0
102.25 87.0
90.5 87.25
152.5 87.0
160.25 80.5
174.5 82.5
177.25 89.5
170.75 92.75
161.0 90.75
105.5 155.25
115.5 150.25
128.25 147.25
138.5 150.0
145.75 147.0
154.25 149.25
161.5 156.0
121.0 156.0
131.75 155.75
142.25 155.75
152.75 156.75
121.0 157.0
132.0 157.0
142.25 157.0
150.5 157.25
115.75 160.75
126.75 163.5
137.25 165.5
147.25 163.5
154.75 161.5
