32.5 28.5 175.5 175.5
83.0 58.5
92.5 55.25
108.25 60.0
121.25 64.25
152.5 66.25
162.5 69.0
176.0 70.0
186.25 76.75
189.5 85.75
136.5 74.0
136.25 82.0
136.0 95.5
134.5 115.0
106.75 121.25
120.75 124.75
129.75 127.25
138.0 127.25
150.5 125.75
82.75 79.5
92.0 70.5
105.25 72.0
113.75 80.75
100.25 83.25
89.0 82.5
151.0 88.25
159.5 82.5
174.25 85.75
177.5 93.5
169.25 95.75
159.25 92.75
94.75 150.5
104.5 146.25
116.75 144.5
126.75 148.5
134.75 146.5
143.5 149.75
151.75 158.0
109.5 152.75
119.75 153.5
130.75 154.75
142.0 157.5
109.25 153.75
119.75 154.75
130.25 156.25
139.5 157.75
103.75 157.0
114.0 160.75
124.0 163.75
134.75 163.25
143.25 162.5
