45.0 34.5 166.0 166.0
69.0 68.25
76.0 64.0
89.5 66.5
101.75 69.25
133.0 66.0
144.25 67.0
160.25 65.25
174.5 70.0
182.25 78.0
117.0 76.75
116.0 85.25
114.25 100.0
112.25 120.25
94.0 127.5
105.75 129.75
113.75 131.5
123.25 130.25
137.5 127.0
73.25 87.75
78.5 78.5
90.75 78.25
100.25 85.5
87.5 90.0
77.75 90.5
137.75 87.5
145.75 80.5
162.0 81.5
168.5 88.5
158.0 92.5
146.75 91.0
87.5 156.25
94.0 152.0
103.75 149.5
113.25 152.5
121.0 150.0
131.5 152.0
143.0 159.0
99.75 157.75
108.5 158.0
119.25 158.25
132.0 159.5
99.25 158.5
108.5 159.25
119.0 159.5
129.0 160.0
94.75 162.25
103.25 165.25
113.0 167.75
123.75 166.25
133.5 164.25
