60.5 46.0 156.0 156.0
85.5 68.75
96.25 66.75
113.5 73.25
127.0 78.25
158.5 79.5
168.0 81.25
181.0 80.5
189.75 84.75
191.25 90.5
142.75 89.0
143.25 98.75
143.75 115.5
143.25 137.5
113.0 136.75
127.5 141.25
136.75 144.5
144.0 142.5
155.25 139.0
85.0 88.5
95.75 81.75
109.5 83.25
118.0 91.5
104.25 94.75
92.5 93.5
155.0 98.0
163.5 92.25
178.0 94.75
179.75 100.25
172.75 104.75
163.25 102.5
101.25 163.5
111.5 161.25
124.0 160.5
133.5 164.0
141.0 161.75
149.0 163.0
155.25 167.75
116.25 166.5
126.5 168.0
136.75 168.5
146.75 168.75
116.0 167.5
126.5 169.25
136.5 169.75
144.5 169.75
110.75 170.5
121.0 175.0
130.75 177.75
140.5 176.25
148.0 173.5
