37.0 41.0 168.0 168.0
67.5 69.75
73.0 66.75
85.25 71.0
96.5 74.75
127.25 73.5
138.75 74.75
155.75 73.25
171.5 77.75
180.75 84.75
110.5 84.0
108.0 93.25
104.5 109.25
100.25 130.75
87.0 132.0
97.0 136.25
104.0 139.25
113.75 138.0
128.5 135.0
72.0 88.5
75.75 81.0
87.25 81.5
96.5 89.0
84.0 92.75
75.5 92.5
133.0 93.75
141.25 87.25
157.5 89.25
165.0 95.5
153.0 100.25
141.5 98.0
80.75 158.25
86.0 155.75
94.0 155.25
102.75 159.25
110.25 157.25
121.0 159.75
133.0 166.0
91.0 161.5
98.75 163.25
108.75 164.5
121.75 166.0
90.75 162.5
98.75 164.5
108.5 165.75
118.5 166.75
86.5 165.25
93.25 170.0
102.25 173.25
112.5 172.75
122.75 171.0
