51.0 48.0 150.0 150.0
62.75 82.0
69.25 78.0
83.5 80.25
96.5 82.0
127.75 75.25
139.25 74.5
155.0 69.75
170.0 71.25
178.5 76.0
113.0 88.75
113.25 98.5
114.0 115.25
115.0 137.25
97.5 140.5
109.75 142.75
117.75 144.5
126.75 141.25
140.0 135.25
70.25 99.75
74.0 91.75
86.25 90.25
97.0 96.0
85.0 102.0
75.25 103.0
135.0 93.75
142.25 85.75
158.75 84.75
165.75 89.5
156.0 96.25
144.5 96.25
95.25 167.5
101.25 164.25
110.25 162.0
120.25 164.25
127.25 160.75
137.75 160.75
149.5 164.0
107.5 168.75
116.25 168.75
126.5 167.75
139.0 166.5
107.25 169.75
116.25 170.0
126.5 169.25
136.25 167.75
103.5 173.25
112.0 176.5
121.75 177.75
132.0 175.0
141.0 171.25
