53.5 39.5 162.5 162.5
86.25 71.75
98.0 64.0
113.75 61.0
128.5 66.75
153.5 63.75
161.5 60.25
173.25 60.75
182.25 69.0
184.75 75.75
144.25 83.25
146.5 92.75
151.5 106.25
155.5 121.5
122.75 134.0
139.25 134.75
149.0 134.25
155.5 133.0
166.0 128.75
87.75 91.75
98.75 81.75
112.25 80.5
121.75 90.0
109.0 94.5
96.75 95.0
157.5 89.5
164.5 80.0
177.75 80.25
179.25 86.5
175.5 91.75
166.75 91.0
120.25 166.75
129.75 159.25
142.25 153.0
152.25 154.0
158.0 150.5
165.25 152.25
170.25 158.0
136.0 163.5
146.0 160.75
155.25 159.25
163.5 159.25
136.0 164.5
146.5 162.0
155.25 160.75
162.0 160.0
131.75 169.75
143.5 169.5
152.25 170.0
159.75 166.75
165.25 163.75
