34.0 33.5 171.5 171.5
75.5 71.75
85.75 64.5
99.75 61.5
114.25 67.25
141.0 64.0
150.5 60.5
165.5 60.75
178.25 69.5
184.0 76.5
129.5 84.0
129.5 93.75
130.5 107.5
131.25 123.0
105.25 133.5
120.25 135.5
129.25 135.5
138.0 134.75
152.0 131.25
77.75 91.0
85.75 81.5
99.0 80.75
109.0 90.0
95.5 94.25
84.5 94.5
147.25 90.5
155.0 80.75
170.75 81.25
175.0 87.75
167.5 93.25
157.25 92.25
101.75 165.75
109.25 159.25
120.75 154.0
130.75 155.75
137.75 152.75
147.75 155.25
156.25 161.5
115.75 164.0
125.25 162.25
135.5 161.5
146.75 162.25
115.5 165.0
125.5 163.5
135.25 163.0
144.5 163.0
111.25 169.75
121.5 170.5
130.75 172.0
139.75 169.5
148.5 167.0
