41.5 28.0 163.0 163.0
68.5 69.5
75.5 61.0
86.25 55.75
98.0 58.75
122.75 52.75
132.0 48.75
148.75 48.75
164.25 57.25
174.0 65.75
111.75 71.75
109.75 79.0
106.75 89.0
104.75 101.75
89.25 120.75
101.0 119.75
108.5 118.5
118.5 118.5
135.0 116.0
71.0 87.25
75.5 76.0
86.5 73.75
96.0 81.75
83.75 86.5
74.75 88.25
132.0 78.75
139.25 68.5
155.5 68.25
163.0 76.0
153.0 79.75
141.75 79.25
85.75 153.25
90.5 144.0
99.25 136.5
108.5 137.75
116.0 134.75
128.25 138.75
141.0 148.0
96.75 149.0
105.0 145.75
115.25 145.0
129.25 147.25
96.5 150.0
105.0 147.0
115.0 146.25
126.0 147.5
92.5 155.0
100.75 154.25
109.5 155.25
119.25 153.0
130.5 152.0
