45.0 43.5 156.0 156.0
75.0 68.5
84.0 66.25
102.0 70.75
114.25 74.75
143.75 74.25
154.25 75.75
169.25 75.0
181.25 79.25
187.0 84.75
129.25 82.75
129.25 92.5
129.5 106.75
128.75 124.25
104.75 130.0
118.0 134.0
127.0 135.25
135.0 136.0
146.75 133.25
78.0 86.25
85.25 78.75
98.25 79.5
107.0 86.75
94.75 91.0
84.0 90.5
147.75 93.0
154.75 87.0
169.75 88.25
173.75 94.25
164.75 99.25
154.75 97.25
95.25 160.5
103.25 156.75
115.75 154.75
125.0 158.75
132.0 156.25
143.0 158.5
151.0 164.75
109.25 161.75
119.25 162.25
129.0 163.0
141.5 164.5
109.0 162.75
119.25 163.5
128.75 164.25
138.75 165.0
104.5 165.75
114.0 169.0
123.25 171.0
132.75 170.25
142.25 168.75
