45.0 44.0 148.0 148.0
62.75 78.0
69.5 74.0
85.5 74.75
97.25 76.0
125.25 69.75
136.5 69.25
152.0 65.75
167.0 67.75
176.5 72.5
112.5 81.0
113.0 90.25
113.0 103.75
113.25 121.0
98.25 131.75
110.0 133.25
117.75 132.5
126.5 132.25
139.5 127.75
70.25 94.5
73.75 85.75
85.75 84.25
95.75 89.5
84.75 96.0
75.25 97.25
136.0 88.25
141.5 80.75
157.0 79.0
163.75 84.5
154.5 91.0
143.75 90.75
96.0 163.25
100.75 158.0
110.75 154.0
120.0 156.25
126.75 153.0
139.25 153.75
151.5 159.25
107.5 162.25
116.25 161.0
126.0 160.25
140.25 160.25
107.25 163.0
116.5 162.25
126.0 161.5
137.0 161.0
103.75 166.75
112.25 168.25
121.25 169.0
130.75 167.0
141.75 164.25
