41.5 26.0 163.5 163.5
68.75 68.0
76.75 62.5
94.25 61.5
106.25 62.25
134.0 56.75
144.25 57.0
158.25 55.25
171.0 59.5
178.0 67.5
121.75 66.25
123.25 72.75
125.5 82.0
127.75 95.25
106.5 116.25
120.0 114.75
129.0 112.5
137.0 113.5
148.75 111.5
74.0 86.5
79.75 75.5
92.25 73.75
101.75 79.5
90.5 85.5
80.25 87.75
142.0 78.0
147.25 71.0
162.0 69.75
167.25 77.0
159.5 81.25
149.5 80.5
102.25 151.25
109.25 142.5
121.25 135.25
131.25 137.0
138.0 133.5
150.0 136.0
160.25 145.5
116.25 146.5
126.5 143.75
136.75 142.5
150.0 144.25
116.25 147.5
126.5 144.75
136.5 143.75
147.0 144.25
112.0 152.25
122.25 151.25
132.25 151.0
141.75 149.25
151.75 148.25
