33.0 25.0 179.0 179.0
64.25 73.75
71.0 69.0
87.25 68.5
98.75 69.25
126.75 62.5
137.5 62.25
152.75 59.25
167.0 62.25
176.25 68.5
114.0 73.5
114.75 81.25
115.0 92.75
115.75 108.25
99.5 124.5
111.5 124.25
119.5 122.75
128.25 123.0
141.25 119.5
71.0 91.25
75.0 81.25
87.0 79.25
96.75 84.75
85.75 91.25
76.25 93.0
137.0 82.5
142.25 75.0
157.5 73.5
164.0 79.5
155.0 85.25
144.5 85.0
96.5 158.0
101.75 151.0
112.5 145.25
122.0 147.25
128.75 143.5
141.5 145.25
153.5 152.5
108.75 155.0
117.75 153.0
128.0 152.0
142.25 152.75
108.5 156.0
118.0 154.0
127.75 153.25
139.0 153.0
105.0 160.25
113.75 160.5
123.0 160.75
132.75 158.75
143.75 156.75
