29.0 21.5 180.0 180.0
74.5 58.5
81.25 55.5
94.75 58.5
104.75 62.0
132.5 62.25
143.25 64.75
159.25 65.75
173.5 72.75
182.75 82.0
117.25 69.5
114.5 76.75
109.75 87.0
104.0 101.25
90.0 114.25
99.75 116.75
106.75 117.25
115.5 120.0
130.0 120.5
77.0 77.0
82.25 68.25
93.25 69.25
101.0 77.0
89.25 80.25
80.5 79.75
139.0 84.75
146.0 79.0
161.25 81.25
167.0 89.25
155.75 92.25
145.5 89.0
79.0 145.5
84.25 139.75
94.25 136.75
102.25 141.25
109.5 139.75
122.0 145.0
133.5 156.5
89.25 145.75
97.5 146.0
107.25 147.75
121.5 153.0
89.0 146.5
97.25 147.0
106.5 148.75
117.75 152.25
84.5 149.5
91.5 152.0
99.75 154.75
109.75 155.5
121.75 157.25
