47.5 28.0 168.0 168.0
72.75 62.0
80.5 58.5
96.5 60.5
107.75 63.25
136.0 61.75
146.75 63.5
162.0 63.5
175.5 69.25
183.25 77.75
121.75 69.75
121.0 77.25
119.5 88.0
117.25 102.5
98.0 117.25
110.0 118.75
118.25 118.5
126.75 120.5
140.0 119.75
76.25 80.75
82.0 71.25
94.0 71.5
102.75 78.75
90.75 83.0
81.0 83.25
142.5 83.75
149.0 77.25
164.25 78.5
169.5 86.0
159.75 89.5
149.5 87.25
89.0 150.0
95.5 143.5
107.0 139.5
116.0 143.0
123.25 140.75
135.75 144.75
146.0 155.0
101.5 149.0
111.0 148.25
121.0 149.0
135.0 152.75
101.25 149.75
111.0 149.25
120.75 150.25
131.75 152.25
96.75 153.5
105.5 155.0
114.75 156.75
124.75 156.5
135.75 156.75
