61.0 47.5 154.5 154.5
77.0 83.0
87.25 78.75
108.0 79.5
121.25 80.75
149.0 73.75
158.5 72.75
170.25 68.5
179.75 69.75
182.25 73.0
138.0 85.5
142.0 95.0
148.25 109.25
154.25 127.0
124.0 137.0
139.75 137.75
149.75 136.5
155.5 135.0
163.5 129.0
81.25 99.75
89.5 90.75
102.75 88.75
112.25 93.5
101.25 100.75
89.75 102.75
152.25 90.25
157.5 83.0
171.25 80.75
173.75 85.0
168.5 92.25
159.75 92.5
119.75 168.25
129.0 163.0
142.5 158.0
152.0 159.0
157.75 155.0
166.5 154.0
171.5 157.0
135.75 166.0
146.25 164.0
155.25 162.0
164.75 159.5
135.75 167.0
146.5 165.0
155.5 163.0
163.0 160.75
131.75 171.25
143.25 171.5
152.5 171.0
160.25 167.5
166.5 163.25
