58.0 45.0 154.0 154.0
83.75 71.75
94.75 69.25
115.0 73.25
127.75 76.5
156.0 74.5
165.25 75.25
177.25 73.75
186.0 77.25
187.75 81.75
143.25 83.75
146.0 93.5
150.25 107.75
153.75 125.5
121.5 132.75
137.0 135.5
147.25 135.75
153.0 135.75
161.5 131.75
85.0 89.75
94.75 81.75
108.25 82.0
116.75 88.75
104.75 93.75
93.0 94.0
156.0 92.5
162.5 86.0
176.0 86.5
177.75 91.75
171.75 97.25
163.0 96.0
111.75 164.25
122.25 159.5
136.75 156.25
146.0 159.0
152.25 156.0
160.75 156.75
165.0 161.75
128.5 164.0
139.25 163.25
148.5 162.75
158.25 162.75
128.25 164.75
139.5 164.25
148.5 164.0
156.25 163.5
123.5 168.5
135.0 170.5
144.25 171.25
152.75 169.25
159.5 166.5
