36.5 40.0 169.0 169.0
74.25 65.5
85.25 61.5
102.25 64.5
114.25 71.5
142.0 74.75
151.5 75.0
169.5 76.5
184.25 86.75
189.25 92.75
126.25 88.5
124.0 97.5
121.0 109.25
118.75 123.5
96.25 131.0
109.25 135.5
117.5 137.0
126.25 138.0
140.75 136.75
75.75 85.25
83.5 76.75
97.75 78.75
106.5 90.0
91.5 92.75
80.75 90.75
145.25 98.5
153.75 90.5
171.75 94.0
176.25 102.0
165.0 107.0
153.5 103.75
87.0 161.25
94.5 156.75
105.75 154.75
114.5 158.25
121.75 156.75
131.75 161.25
140.75 169.75
100.0 162.5
108.75 162.5
118.75 164.0
130.75 167.5
99.75 163.25
108.75 163.75
118.5 165.25
127.75 167.5
95.25 166.5
103.25 169.0
112.25 172.25
121.75 172.0
131.25 172.25
