42.0 34.0 166.5 166.5
81.0 58.25
93.75 52.5
112.25 53.5
124.75 59.75
151.25 62.75
160.0 63.5
175.25 66.25
187.25 78.25
190.25 86.25
137.25 75.25
136.75 82.25
136.5 90.75
137.25 102.0
107.5 118.5
123.0 120.5
132.25 120.75
140.0 122.5
152.75 123.0
81.25 78.75
91.25 68.0
105.75 69.5
114.5 80.75
99.5 83.25
87.75 82.5
152.5 88.5
160.5 80.75
177.0 84.25
180.0 93.75
171.5 96.75
160.75 93.25
98.0 151.25
107.75 143.75
121.25 139.25
130.75 142.0
137.75 140.5
146.75 146.25
154.0 157.25
113.5 149.75
123.75 148.25
134.0 149.25
145.0 154.25
113.25 150.75
123.75 149.5
133.5 150.75
142.25 153.75
108.25 154.75
118.0 155.5
127.75 158.25
137.5 157.75
145.75 159.0
