45.5 28.5 170.5 170.5
82.0 61.0
95.5 54.5
115.5 54.5
128.75 59.75
154.25 61.0
162.25 61.25
175.75 63.0
186.25 73.75
187.75 81.25
142.5 74.5
144.0 81.25
147.25 89.5
151.25 100.5
118.5 119.75
135.25 120.25
145.0 119.5
151.5 120.75
162.0 120.0
83.25 82.0
94.0 70.5
109.25 70.75
118.75 81.5
104.25 85.25
91.75 85.25
155.75 86.25
162.5 78.0
178.0 80.25
180.25 89.5
174.25 92.75
164.25 90.25
112.5 153.75
122.75 145.25
136.75 139.0
146.25 140.75
152.5 138.5
160.75 143.25
166.75 153.5
129.0 150.25
139.25 147.75
149.25 147.75
158.75 151.5
129.0 151.25
139.5 149.0
149.0 149.0
156.75 151.25
124.25 156.0
134.75 155.75
144.5 157.0
153.5 155.5
160.25 156.0
