35.0 35.5 173.0 173.0
74.75 74.75
87.5 69.25
107.5 69.75
121.25 75.0
148.75 74.0
157.75 73.0
173.25 71.5
185.75 79.0
188.5 83.5
136.0 90.0
136.75 99.5
138.5 112.0
141.0 126.5
112.0 137.25
127.75 139.25
137.25 139.5
144.5 138.5
156.5 134.5
78.0 94.5
87.25 84.75
102.5 84.75
113.0 94.5
98.25 99.75
85.75 99.5
151.75 96.25
159.0 87.25
176.0 87.75
179.25 94.5
171.5 101.25
160.5 100.25
107.25 169.0
116.25 163.25
128.75 159.0
138.25 160.75
144.5 157.75
153.5 160.0
160.75 165.75
122.25 167.5
132.0 165.75
141.75 165.25
152.25 166.0
122.25 168.5
132.0 167.0
141.75 166.5
150.0 166.5
118.0 172.5
127.5 173.5
137.0 174.5
146.0 172.25
153.5 170.25
