31.0 23.0 185.0 185.0
76.5 64.75
89.25 58.5
108.25 58.25
121.75 63.5
148.5 63.75
157.25 63.5
172.5 64.25
185.0 74.5
188.0 81.5
135.75 78.25
136.25 85.75
137.5 95.5
139.75 107.5
110.5 124.5
126.25 125.5
136.0 125.25
143.5 125.75
155.5 124.25
78.75 85.5
88.25 74.25
103.25 74.25
113.0 84.75
98.25 89.0
86.25 89.0
151.5 88.75
158.75 80.0
175.25 81.75
178.75 90.5
171.25 95.0
160.25 92.75
104.5 158.0
113.75 150.25
126.75 145.0
136.5 146.75
143.0 144.25
152.5 148.5
160.0 157.75
120.0 155.5
130.0 153.25
140.0 153.25
151.0 156.25
119.75 156.25
130.0 154.5
140.0 154.5
148.5 156.25
115.5 161.0
125.0 161.0
135.0 162.5
144.25 161.0
152.25 160.75
