24.0 24.0 185.0 185.0
77.0 60.0
88.5 54.75
105.75 56.0
117.75 62.0
144.75 65.0
154.0 65.5
171.0 68.0
185.0 79.75
189.5 87.5
129.5 78.0
127.75 85.5
125.5 94.75
124.0 106.75
99.0 121.25
113.0 123.75
121.5 124.5
130.25 126.25
144.5 126.5
77.75 80.25
86.25 70.0
100.5 71.5
109.25 82.75
94.0 85.25
83.0 84.25
147.5 90.75
155.75 82.5
173.25 86.25
177.5 95.5
167.0 99.0
155.5 95.5
89.25 153.25
97.5 146.5
109.75 142.75
118.75 146.0
126.0 144.5
136.25 150.25
144.75 160.75
103.25 152.5
112.5 151.5
122.75 153.0
134.75 157.75
102.75 153.5
112.5 152.75
122.5 154.25
131.75 157.25
98.25 157.25
106.5 158.75
116.0 161.5
126.0 161.5
135.25 162.5
