24.0 21.5 181.5 181.5
68.0 65.75
75.25 59.0
88.25 57.5
98.5 61.5
123.75 60.5
133.25 59.75
152.5 60.0
171.0 70.5
180.0 78.5
109.75 75.0
106.75 82.25
101.0 90.75
96.75 102.0
85.0 120.25
95.0 121.0
101.5 120.75
111.25 122.0
127.5 121.5
71.0 84.75
75.25 73.75
87.25 73.25
96.0 83.0
82.25 87.25
73.75 87.75
132.5 86.0
140.0 77.0
158.25 78.25
166.25 88.0
153.0 92.25
140.5 90.0
78.0 152.0
82.5 144.5
91.0 139.5
99.0 142.0
106.25 140.0
118.0 145.25
130.5 156.5
88.0 150.0
95.5 148.25
105.0 149.0
118.75 153.5
87.75 151.0
95.25 149.5
104.75 150.25
115.25 153.0
84.25 155.0
90.25 155.5
98.75 157.75
108.5 157.25
119.25 158.25
